ivory{malitsky}269:leb++
Tracking
Wed Jun  1 17:36:01 1994
Wed Jun  1 17:36:23 1994

Particle variables

            x         px/p0             y         py/p0          -cdt        dE/p0c 
-4.212434e-03  2.022728e-04 -1.677127e-02  3.699538e-04  3.326373e+01  1.000000e-03 

Reference variables 

    Energy (Gev) Momentum (Gev/c)  Velocity (v0/c)    Mass (Gev/c2)
    1.538000e+00     1.218637e+00     7.923516e-01     9.382796e-01

Zmap
Wed Jun  1 17:36:25 1994
Wed Jun  1 17:41:02 1994

ZMap : order = 5 dimension = 4

    1  4.611967e-04 -5.636563e-05  9.503728e-04 -1.529027e-05   0  0  0  0
    2 -5.749407e-01  1.965773e-01 -2.113110e-02 -1.046287e-03   1  0  0  0
    3 -3.813541e+00 -4.352023e-01  5.112081e-02 -3.561277e-03   0  1  0  0
    4 -4.266203e-03 -6.809144e-04 -6.099287e-01  2.801387e-02   0  0  1  0
    5  8.816563e-02 -1.610507e-02 -1.317354e+01 -1.034268e+00   0  0  0  1
    6  6.944707e-02 -2.247134e-03  1.147191e-01  3.441076e-03   2  0  0  0
    7 -4.072555e-01  2.316210e-03  2.276281e-01  9.873403e-03   1  1  0  0
    8  1.368702e-02  3.146807e-04 -5.896625e+00  6.957902e-02   1  0  1  0
    9 -9.493968e-01  5.737026e-02  1.179275e+02  6.083573e+00   1  0  0  1
   10  1.740018e+00 -4.339131e-01  1.406979e+00  6.039860e-02   0  2  0  0
   11  9.986324e-02  1.739029e-02 -1.355578e+01 -1.473017e+00   0  1  1  0
   12 -1.952692e+00 -8.315108e-01 -4.707871e+02  1.279346e+01   0  1  0  1
   13  1.336003e-01 -1.524383e-01 -6.358606e-02 -3.068489e-03   0  0  2  0
   14  2.985210e+01  1.996452e+00  1.980268e+00  4.852233e-02   0  0  1  1
   15 -2.682238e+02  5.529794e+01 -3.762318e+01 -6.516028e-01   0  0  0  2
   16  7.435574e+01  1.055190e+01 -2.076784e+01 -7.388297e-01   3  0  0  0
   17 -5.604412e+01  6.108899e+01  2.806766e+01 -4.772559e+00   2  1  0  0
   18 -1.087817e+01 -1.627520e+00  3.926210e+01  2.733269e+00   2  0  1  0
   19  1.644098e+02 -8.060039e+00 -1.700229e+03 -9.549017e-01   2  0  0  1
   20  8.442891e+02  1.589547e+02 -4.797881e+02 -1.930679e+01   1  2  0  0
   21  1.584338e+01 -1.101230e+01  3.416082e+02 -1.160560e+01   1  1  1  0
   22 -9.655100e+02 -9.037201e+00 -1.206163e+04 -1.961535e+02   1  1  0  1
   23  1.246833e+01  5.173792e-01  1.435836e+01  6.235337e-01   1  0  2  0
   24  3.949896e+01 -1.047669e+02 -3.590465e+02 -6.497828e+00   1  0  1  1
   25  5.097131e+03  1.306220e+03  3.902476e+03  7.872766e+01   1  0  0  2
   26 -4.071760e+03  1.535693e+03  3.142710e+02 -7.537984e+01   0  3  0  0
   27 -5.161924e+01 -2.662831e+01  1.066163e+03  5.917207e+01   0  2  1  0
   28  3.160415e+03 -7.450310e+02 -3.480861e+04 -3.385822e+02   0  2  0  1
   29 -1.453010e+01  1.552647e+01  2.589166e+00  1.193557e+00   0  1  2  0
   30 -1.247593e+03 -5.283452e+02  4.010828e+02  1.737179e+01   0  1  1  1
   31  8.921452e+03  9.274610e+03 -1.819640e+04  6.457048e+02   0  1  0  2
   32  8.423609e-01  1.947113e-01  2.342064e+01  9.140586e-01   0  0  3  0
   33 -3.627093e+01 -1.345913e+00 -7.691318e+02 -8.967670e+00   0  0  2  1
   34  6.288542e+02  6.124476e+01  1.511817e+04  3.075045e+02   0  0  1  2
   35 -9.881010e+03  1.143639e+03 -1.883638e+05  4.682687e+03   0  0  0  3
   36  2.500266e+02  2.020262e+01  7.278399e+01  3.140511e+00   4  0  0  0
   37 -1.127259e+03  1.981250e+02  7.260629e+02 -3.196665e+00   3  1  0  0
   38 -7.621515e+00 -1.192935e+00  8.098637e+02  3.913956e+01   3  0  1  0
   39 -7.952346e+02 -9.242469e+01  1.612121e+03 -5.393490e+02   3  0  0  1
   40  1.082195e+04 -6.546906e+02  4.965489e+03  2.422261e+02   2  2  0  0
   41  1.454257e+02  4.849971e+01 -3.601065e+03  1.220825e+02   2  1  1  0
   42 -7.104839e+03 -2.185645e+03  2.023743e+05  7.204783e+03   2  1  0  1
   43  1.722278e+02  1.286131e+01 -1.122389e+02 -4.977073e+00   2  0  2  0
   44 -8.347328e+03  2.048689e+02  4.823291e+03  1.712743e+02   2  0  1  1
   45  4.417246e+04 -1.041253e+04 -8.716415e+04 -2.416167e+03   2  0  0  2
   46 -2.139469e+04 -9.589481e+02  1.062925e+04 -3.893496e+01   1  3  0  0
   47  5.704105e+02  1.278584e+02 -1.078970e+04 -8.609819e+02   1  2  1  0
   48 -1.518343e+04 -9.453396e+03 -4.944249e+05  2.204277e+03   1  2  0  1
   49  2.295040e+02 -1.568834e+02 -2.811925e+02 -1.124975e+01   1  1  2  0
   50  7.387923e+04  2.191709e+03  4.152308e+03  6.700713e+02   1  1  1  1
   51 -7.337030e+05  6.100400e+04 -1.046655e+04 -3.986624e+03   1  1  0  2
   52 -1.361633e+01 -7.573688e-01 -1.060092e+02 -3.147700e+00   1  0  3  0
   53  7.915455e+02  9.960900e+01  3.776600e+03  5.104610e+02   1  0  2  1
   54 -2.212407e+04 -8.626290e+02 -2.856541e+04  1.144610e+03   1  0  1  2
   55  2.758622e+05 -1.023130e+04  1.110531e+06 -1.613628e+04   1  0  0  3
   56  5.404494e+04 -1.742442e+04  3.619816e+04  1.744040e+03   0  4  0  0
   57  1.275521e+03  8.546459e+02  1.046192e+04  5.236660e+02   0  3  1  0
   58 -2.218980e+04 -3.592028e+04  3.970727e+05 -3.332882e+04   0  3  0  1
   59 -5.270738e+03 -1.282284e+02 -1.072387e+03 -9.195761e+01   0  2  2  0
   60  8.133483e+04 -2.741275e+04  4.050448e+04  3.024803e+03   0  2  1  1
   61  1.779638e+06 -5.506114e+04 -1.465039e+06 -1.367390e+04   0  2  0  2
   62 -3.313911e+01 -1.654448e+01 -1.143505e+03 -5.335180e+01   0  1  3  0
   63  2.111897e+03  8.604573e+02  2.913185e+04  4.828095e+02   0  1  2  1
   64 -2.233150e+04 -9.639297e+03 -8.636686e+05  2.658625e+04   0  1  1  2
   65 -1.360617e+05  2.149084e+05  1.883838e+06  2.737947e+05   0  1  0  3
   66 -2.884665e+01 -3.136355e+00  8.664398e+00  5.732984e-01   0  0  4  0
   67  1.291130e+03 -1.219686e+02 -5.649010e+02 -2.435974e+01   0  0  3  1
   68 -2.737919e+03  5.801012e+03  1.982427e+04  6.356079e+02   0  0  2  2
   69 -2.458989e+04 -1.024292e+05 -3.478078e+05 -8.986425e+03   0  0  1  3
   70  3.577319e+06  9.542054e+05  4.154425e+06  4.155536e+04   0  0  0  4
   71 -2.213808e+03 -1.397087e+03 -1.257205e+04 -4.731675e+02   5  0  0  0
   72 -9.514102e+04  2.277943e+04  1.266890e+03 -2.721590e+03   4  1  0  0
   73 -1.214176e+04 -1.443346e+03  3.747383e+04  1.155364e+03   4  0  1  0
   74  1.272854e+05  1.091492e+03  4.628111e+05 -4.550742e+04   4  0  0  1
   75  9.967444e+05  1.201991e+05 -8.660596e+05 -3.639021e+04   3  2  0  0
   76  2.853073e+04 -2.028445e+04 -1.894867e+05  2.203442e+04   3  1  1  0
   77 -9.350772e+05  7.872740e+04  1.242443e+07  1.469162e+05   3  1  0  1
   78  1.009080e+04  2.388664e+03  1.558815e+04  5.779861e+02   3  0  2  0
   79 -6.492157e+05  3.972953e+04 -4.825352e+05 -4.752510e+03   3  0  1  1
   80 -3.904721e+06 -1.926168e+06  5.373403e+06  1.475236e+05   3  0  0  2
   81 -1.232937e+06  1.199044e+06  4.243516e+05 -1.617053e+05   2  3  0  0
   82 -4.547411e+05 -9.514910e+04 -1.960040e+06 -7.982492e+04   2  2  1  0
   83  8.255912e+06 -1.320904e+06  4.903186e+07 -1.970991e+05   2  2  0  1
   84  1.176771e+05 -1.668508e+04  5.212910e+04  8.868122e+02   2  1  2  0
   85  3.864970e+06  1.026601e+06 -1.676303e+06 -7.732582e+04   2  1  1  1
   86 -2.640259e+07 -1.787310e+07 -2.198850e+07  1.779084e+06   2  1  0  2
   87  2.430553e+03  5.746769e+02  2.379058e+04  1.105062e+03   2  0  3  0
   88 -6.290327e+04 -2.118990e+04 -1.014480e+06 -7.879246e+03   2  0  2  1
   89  2.301281e+06  4.063852e+05  2.280105e+07  4.681605e+05   2  0  1  2
   90 -2.414418e+07  1.180880e+06 -3.273968e+08  6.431364e+06   2  0  0  3
   91  8.157740e+06  2.076670e+06 -8.084898e+06 -4.947926e+05   1  4  0  0
   92  5.609725e+05 -4.647082e+05 -4.951013e+06  2.972912e+05   1  3  1  0
   93 -2.378067e+07 -1.176258e+06  2.401153e+08  1.939053e+06   1  3  0  1
   94 -4.076728e+05 -3.740930e+04  4.557082e+05  2.118890e+04   1  2  2  0
   95 -6.686165e+06  6.144813e+06 -1.240114e+07 -2.778583e+04   1  2  1  1
   96  2.215185e+07 -9.099551e+07  1.313796e+08  5.055661e+06   1  2  0  2
   97 -3.926945e+03  3.984387e+03  2.748549e+04 -2.853691e+03   1  1  3  0
   98 -1.922933e+05 -1.124753e+05 -4.325527e+06 -1.026811e+05   1  1  2  1
   99 -3.437968e+06  2.957471e+06  1.070886e+08  8.140754e+05   1  1  1  2
  100  1.393842e+08  6.623773e+05 -1.168334e+09  4.921169e+06   1  1  0  3
  101  2.393612e+03  2.456100e+02 -2.885336e+03 -1.376079e+02   1  0  4  0
  102 -4.004625e+04 -2.386440e+04  1.484376e+05  2.664923e+03   1  0  3  1
  103  2.533131e+06  7.229842e+05 -4.550359e+06 -1.245152e+05   1  0  2  2
  104 -2.261387e+07 -1.121866e+07  7.084534e+07  1.122319e+06   1  0  1  3
  105  6.270416e+08  1.245933e+08 -4.695685e+08 -1.003320e+07   1  0  0  4
  106  1.386790e+07 -1.057060e+06  8.228537e+06 -1.098692e+06   0  5  0  0
  107 -1.244543e+06 -5.658569e+05 -1.962761e+07 -6.816823e+05   0  4  1  0
  108  7.021705e+07 -2.430836e+07  1.557399e+08  1.707480e+07   0  4  0  1
  109  1.407983e+06 -3.878780e+05 -1.668530e+05  2.352629e+04   0  3  2  0
  110 -7.777001e+06  1.648629e+07  1.505406e+07  5.901289e+05   0  3  1  1
  111 -4.116202e+08 -5.873200e+07 -5.741953e+08  2.165687e+07   0  3  0  2
  112  3.061659e+04  6.111708e+03  6.838333e+05  2.678420e+04   0  2  3  0
  113 -1.627528e+06  1.257233e+05 -2.758891e+07 -3.566931e+05   0  2  2  1
  114  3.352414e+07  1.730418e+06  5.525038e+08  1.007487e+07   0  2  1  2
  115 -6.604461e+08  1.471499e+08 -6.404417e+09  6.464838e+07   0  2  0  3
  116 -7.593897e+03  3.705848e+03 -1.798447e+03 -1.699730e+02   0  1  4  0
  117  2.948341e+04 -1.617103e+05  6.342478e+04  4.182917e+03   0  1  3  1
  118 -4.992438e+06  4.994736e+06  2.937780e+06 -1.647615e+05   0  1  2  2
  119  4.830889e+07 -6.591567e+07 -9.688387e+07 -1.356729e+06   0  1  1  3
  120 -9.094225e+08  7.905708e+08  2.953775e+09 -7.886097e+07   0  1  0  4
  121 -9.952670e+01 -2.653680e+01 -2.118523e+03 -1.158794e+02   0  0  5  0
  122  5.672778e+03  1.022744e+03  1.223608e+05  3.136529e+03   0  0  4  1
  123 -2.598258e+05 -3.969252e+04 -4.224686e+06 -1.233583e+05   0  0  3  2
  124  6.079241e+06  3.903831e+05  9.873073e+07  1.280511e+06   0  0  2  3
  125 -7.839651e+07 -5.270694e+06 -1.280681e+09 -2.227235e+07   0  0  1  4
  126  8.052349e+08 -1.024802e+08  1.218917e+10 -8.275891e+07   0  0  0  5
ivory{malitsky}270:
