  1   0                 0             1e-06                 0                 0                 0                 0                 0                 0                 0                     1 mbegin
  2   0                 0            -1e-06                 0                 0                 0                 0                 0                 0                 0                     1 mbegin
  3   0                 0                 0             1e-06                 0                 0                 0                 0                 0                 0                     1 mbegin
  4   0                 0                 0            -1e-06                 0                 0                 0                 0                 0                 0                     1 mbegin
  5   0                 0                 0                 0             1e-06                 0                 0                 0                 0                 0                     1 mbegin
  6   0                 0                 0                 0            -1e-06                 0                 0                 0                 0                 0                     1 mbegin
  7   0                 0                 0                 0                 0             1e-06                 0                 0                 0                 0                     1 mbegin
  8   0                 0                 0                 0                 0            -1e-06                 0                 0                 0                 0                     1 mbegin
  9   0                 0                 0                 0                 0                 0                 0             1e-06                 0                 0                     1 mbegin
 10   0                 0                 0                 0                 0                 0                 0            -1e-06                 0                 0                     1 mbegin
 11   0                 0                 0                 0                 0                 0                 0            -2e-06                 0                 0                     1 mbegin
 12   0                 0                 0                 0                 0                 0                 0            -3e-06                 0                 0                     1 mbegin
 13   0                 0         -6.69e-05                 0                 0                 0                 0            -1e-06                 0                 0                     1 mbegin
 14   0                 0         -0.000669                 0                 0                 0                 0            -1e-05                 0                 0                     1 mbegin
 15   0                 0                 0            -5e-05                 0                 0                 0                 0                 0                 0                     1 mbegin
 16   0                 0                 0           -0.0001                 0                 0                 0                 0                 0                 0                     1 mbegin
 17   0                 0                 0           -0.0002                 0                 0                 0                 0                 0                 0                     1 mbegin
 18   0                 0                 0           -0.0004                 0                 0                 0                 0                 0                 0                     1 mbegin
 19   0                 0             -0.02                 0                 0                 0                 0                 0                 0                 0                     1 mbegin
 20   0                 0              0.02                 0                 0                 0                 0                 0                 0                 0                     1 mbegin




