110.000000 0.000000
109.294471 6.876225
107.237847 13.547291
104.002465 19.839531
99.851403 25.637483
95.105652 30.901699
90.104481 35.674888
85.164265 40.075261
80.541198 44.277898
76.402757 48.486664
72.811529 52.900673
69.723308 57.680137
66.999383 62.916608
64.431044 68.612093
61.772651 74.670307
58.778525 80.901699
55.238475 87.041909
51.007044 92.781469
46.022556 97.802910
40.313528 101.820348
33.991869 104.616217
27.234170 106.070089
20.254078 106.175596
13.270014 105.042974
6.473085 102.886745
0.000000 100.000000
-6.085019 96.718601
-11.796633 93.379966
-17.222185 90.281854
-22.503807 87.646543
-27.811529 85.595086
-33.311383 84.134949
-39.133302 83.162501
-45.343690 82.479867
-51.926884 81.823676
-58.778525 80.901699
-65.712147 79.432341
-72.478378 77.181633
-78.794343 73.992813
-84.379341 69.804661
-88.991869 64.656378
-92.462828 58.678695
-94.720138 52.072837
-95.801145 45.080597
-95.850816 37.950023
-95.105652 30.901699
-93.865230 24.100495
-92.454985 17.636732
-91.185094 11.519356
-90.310875 5.681879
-90.000000 0.000000
-90.310875 -5.681879
-91.185094 -11.519356
-92.454985 -17.636732
-93.865230 -24.100495
-95.105652 -30.901699
-95.850816 -37.950023
-95.801145 -45.080597
-94.720138 -52.072837
-92.462828 -58.678695
-88.991869 -64.656378
-84.379341 -69.804661
-78.794343 -73.992813
-72.478378 -77.181633
-65.712147 -79.432341
-58.778525 -80.901699
-51.926884 -81.823676
-45.343690 -82.479867
-39.133302 -83.162501
-33.311383 -84.134949
-27.811529 -85.595086
-22.503807 -87.646543
-17.222185 -90.281854
-11.796633 -93.379966
-6.085019 -96.718601
-0.000000 -100.000000
6.473085 -102.886745
13.270014 -105.042974
20.254078 -106.175596
27.234170 -106.070089
33.991869 -104.616217
40.313528 -101.820348
46.022556 -97.802910
51.007044 -92.781469
55.238475 -87.041909
58.778525 -80.901699
61.772651 -74.670307
64.431044 -68.612093
66.999383 -62.916608
69.723308 -57.680137
72.811529 -52.900673
76.402757 -48.486664
80.541198 -44.277898
85.164265 -40.075261
90.104481 -35.674888
95.105652 -30.901699
99.851403 -25.637483
104.002465 -19.839531
107.237847 -13.547291
109.294471 -6.876225
