------------------------------------------------------------------------------------------------------------------------
#     name         suml(thick)       suml(thin)      x           y           z           theta       phi         psi       
------------------------------------------------------------------------------------------------------------------------
    0 mbegin       0.0000000e+00   0.0000000e+00  0.0000e+00  0.0000e+00  0.0000e+00  0.0000e+00  0.0000e+00  0.0000e+00
    1 rf1          0.0000000e+00   0.0000000e+00  0.0000e+00  0.0000e+00  0.0000e+00  0.0000e+00  0.0000e+00  0.0000e+00
    2 strh         1.0000000e-10   1.0000000e-10  0.0000e+00  0.0000e+00  1.0000e-10  0.0000e+00  0.0000e+00  0.0000e+00
    3 marcin       1.0000000e+00   1.0000000e+00  0.0000e+00  0.0000e+00  1.0000e+00  0.0000e+00  0.0000e+00  0.0000e+00
    4 qch          1.0000000e+00   1.0000000e+00  0.0000e+00  0.0000e+00  1.0000e+00  0.0000e+00  0.0000e+00  0.0000e+00
    5 sc           1.3625000e+00   1.3625000e+00  0.0000e+00  0.0000e+00  1.3625e+00  0.0000e+00  0.0000e+00  0.0000e+00
    6 oc           1.7250000e+00   1.7250000e+00  0.0000e+00  0.0000e+00  1.7250e+00  0.0000e+00  0.0000e+00  0.0000e+00
    7 qch          2.0875000e+00   2.0875000e+00  0.0000e+00  0.0000e+00  2.0875e+00  0.0000e+00  0.0000e+00  0.0000e+00
    8 bh           2.4500000e+00   2.4500000e+00  0.0000e+00  0.0000e+00  2.4500e+00  0.0000e+00  0.0000e+00  0.0000e+00
    9 qbh          1.8157963e+01   1.8362989e+01 -3.0448e+00  0.0000e+00  1.7757e+01 -3.9270e-01  0.0000e+00  0.0000e+00
   10 sb           1.8520463e+01   1.8725489e+01 -3.1835e+00  0.0000e+00  1.8092e+01 -3.9270e-01  0.0000e+00  0.0000e+00
   11 ob           1.8882963e+01   1.9087989e+01 -3.3223e+00  0.0000e+00  1.8427e+01 -3.9270e-01  0.0000e+00  0.0000e+00
   12 qbh          1.9245463e+01   1.9450489e+01 -3.4610e+00  0.0000e+00  1.8762e+01 -3.9270e-01  0.0000e+00  0.0000e+00
   13 bh           1.9607963e+01   1.9812989e+01 -3.5997e+00  0.0000e+00  1.9097e+01 -3.9270e-01  0.0000e+00  0.0000e+00
   14 qah          3.5315927e+01   3.5725979e+01 -1.2271e+01  0.0000e+00  3.2074e+01 -7.8540e-01  0.0000e+00  0.0000e+00
   15 sa           3.5678427e+01   3.6088479e+01 -1.2527e+01  0.0000e+00  3.2330e+01 -7.8540e-01  0.0000e+00  0.0000e+00
   16 oa           3.6040927e+01   3.6450979e+01 -1.2783e+01  0.0000e+00  3.2587e+01 -7.8540e-01  0.0000e+00  0.0000e+00
   17 qah          3.6403427e+01   3.6813479e+01 -1.3040e+01  0.0000e+00  3.2843e+01 -7.8540e-01  0.0000e+00  0.0000e+00
   18 bh           3.6765927e+01   3.7175979e+01 -1.3296e+01  0.0000e+00  3.3099e+01 -7.8540e-01  0.0000e+00  0.0000e+00
   19 qbh          5.2473890e+01   5.3088968e+01 -2.6273e+01  0.0000e+00  4.1770e+01 -1.1781e+00  0.0000e+00  0.0000e+00
   20 sb           5.2836390e+01   5.3451468e+01 -2.6608e+01  0.0000e+00  4.1909e+01 -1.1781e+00  0.0000e+00  0.0000e+00
   21 ob           5.3198890e+01   5.3813968e+01 -2.6943e+01  0.0000e+00  4.2048e+01 -1.1781e+00  0.0000e+00  0.0000e+00
   22 qbh          5.3561390e+01   5.4176468e+01 -2.7278e+01  0.0000e+00  4.2186e+01 -1.1781e+00  0.0000e+00  0.0000e+00
   23 bh           5.3923890e+01   5.4538968e+01 -2.7612e+01  0.0000e+00  4.2325e+01 -1.1781e+00  0.0000e+00  0.0000e+00
   24 slndh        6.9631853e+01   7.0451958e+01 -4.2920e+01  0.0000e+00  4.5370e+01 -1.5708e+00  0.0000e+00  0.0000e+00
   25 mslndcent    7.0356853e+01   7.1176958e+01 -4.3645e+01  0.0000e+00  4.5370e+01 -1.5708e+00  0.0000e+00  0.0000e+00
   26 slndh        7.0356853e+01   7.1176958e+01 -4.3645e+01  0.0000e+00  4.5370e+01 -1.5708e+00  0.0000e+00  0.0000e+00
   27 bh           7.1081853e+01   7.1901958e+01 -4.4370e+01  0.0000e+00  4.5370e+01 -1.5708e+00  0.0000e+00  0.0000e+00
   28 qbh          8.6789816e+01   8.7814947e+01 -5.9677e+01  0.0000e+00  4.2325e+01 -1.9635e+00  0.0000e+00  0.0000e+00
   29 sb           8.7152316e+01   8.8177447e+01 -6.0012e+01  0.0000e+00  4.2186e+01 -1.9635e+00  0.0000e+00  0.0000e+00
   30 ob           8.7514816e+01   8.8539947e+01 -6.0347e+01  0.0000e+00  4.2048e+01 -1.9635e+00  0.0000e+00  0.0000e+00
   31 qbh          8.7877316e+01   8.8902447e+01 -6.0682e+01  0.0000e+00  4.1909e+01 -1.9635e+00  0.0000e+00  0.0000e+00
   32 bh           8.8239816e+01   8.9264947e+01 -6.1017e+01  0.0000e+00  4.1770e+01 -1.9635e+00  0.0000e+00  0.0000e+00
   33 qah          1.0394778e+02   1.0517794e+02 -7.3994e+01  0.0000e+00  3.3099e+01 -2.3562e+00  0.0000e+00  0.0000e+00
   34 sa           1.0431028e+02   1.0554044e+02 -7.4250e+01  0.0000e+00  3.2843e+01 -2.3562e+00  0.0000e+00  0.0000e+00
   35 oa           1.0467278e+02   1.0590294e+02 -7.4506e+01  0.0000e+00  3.2587e+01 -2.3562e+00  0.0000e+00  0.0000e+00
   36 qah          1.0503528e+02   1.0626544e+02 -7.4763e+01  0.0000e+00  3.2330e+01 -2.3562e+00  0.0000e+00  0.0000e+00
   37 bh           1.0539778e+02   1.0662794e+02 -7.5019e+01  0.0000e+00  3.2074e+01 -2.3562e+00  0.0000e+00  0.0000e+00
   38 qbh          1.2110574e+02   1.2254093e+02 -8.3690e+01  0.0000e+00  1.9097e+01 -2.7489e+00  0.0000e+00  0.0000e+00
   39 sb           1.2146824e+02   1.2290343e+02 -8.3829e+01  0.0000e+00  1.8762e+01 -2.7489e+00  0.0000e+00  0.0000e+00
   40 ob           1.2183074e+02   1.2326593e+02 -8.3967e+01  0.0000e+00  1.8427e+01 -2.7489e+00  0.0000e+00  0.0000e+00
   41 qbh          1.2219324e+02   1.2362843e+02 -8.4106e+01  0.0000e+00  1.8092e+01 -2.7489e+00  0.0000e+00  0.0000e+00
   42 bh           1.2255574e+02   1.2399093e+02 -8.4245e+01  0.0000e+00  1.7757e+01 -2.7489e+00  0.0000e+00  0.0000e+00
   43 qch          1.3826371e+02   1.3990392e+02 -8.7290e+01  0.0000e+00  2.4500e+00 -3.1416e+00  0.0000e+00  0.0000e+00
   44 sc           1.3862621e+02   1.4026642e+02 -8.7290e+01  0.0000e+00  2.0875e+00 -3.1416e+00  0.0000e+00  0.0000e+00
   45 oc           1.3898871e+02   1.4062892e+02 -8.7290e+01  0.0000e+00  1.7250e+00 -3.1416e+00  0.0000e+00  0.0000e+00
   46 qch          1.3935121e+02   1.4099142e+02 -8.7290e+01  0.0000e+00  1.3625e+00 -3.1416e+00  0.0000e+00  0.0000e+00
   47 marcout      1.3971371e+02   1.4135392e+02 -8.7290e+01  0.0000e+00  1.0000e+00 -3.1416e+00  0.0000e+00  0.0000e+00
   48 strh         1.3971371e+02   1.4135392e+02 -8.7290e+01  0.0000e+00  1.0000e+00 -3.1416e+00  0.0000e+00  0.0000e+00
   49 mhalf        1.4071371e+02   1.4235392e+02 -8.7290e+01  0.0000e+00  9.0958e-11 -3.1416e+00  0.0000e+00  0.0000e+00
   50 strh         1.4071371e+02   1.4235392e+02 -8.7290e+01  0.0000e+00  9.0958e-11 -3.1416e+00  0.0000e+00  0.0000e+00
   51 marcin       1.4171371e+02   1.4335392e+02 -8.7290e+01  0.0000e+00 -1.0000e+00 -3.1416e+00  0.0000e+00  0.0000e+00
   52 qch          1.4171371e+02   1.4335392e+02 -8.7290e+01  0.0000e+00 -1.0000e+00 -3.1416e+00  0.0000e+00  0.0000e+00
   53 sc           1.4207621e+02   1.4371642e+02 -8.7290e+01  0.0000e+00 -1.3625e+00 -3.1416e+00  0.0000e+00  0.0000e+00
   54 oc           1.4243871e+02   1.4407892e+02 -8.7290e+01  0.0000e+00 -1.7250e+00 -3.1416e+00  0.0000e+00  0.0000e+00
   55 qch          1.4280121e+02   1.4444142e+02 -8.7290e+01  0.0000e+00 -2.0875e+00 -3.1416e+00  0.0000e+00  0.0000e+00
   56 bh           1.4316371e+02   1.4480392e+02 -8.7290e+01  0.0000e+00 -2.4500e+00 -3.1416e+00  0.0000e+00  0.0000e+00
   57 qbh          1.5887167e+02   1.6071690e+02 -8.4245e+01  0.0000e+00 -1.7757e+01 -3.5343e+00  0.0000e+00  0.0000e+00
   58 sb           1.5923417e+02   1.6107940e+02 -8.4106e+01  0.0000e+00 -1.8092e+01 -3.5343e+00  0.0000e+00  0.0000e+00
   59 ob           1.5959667e+02   1.6144190e+02 -8.3967e+01  0.0000e+00 -1.8427e+01 -3.5343e+00  0.0000e+00  0.0000e+00
   60 qbh          1.5995917e+02   1.6180440e+02 -8.3829e+01  0.0000e+00 -1.8762e+01 -3.5343e+00  0.0000e+00  0.0000e+00
   61 bh           1.6032167e+02   1.6216690e+02 -8.3690e+01  0.0000e+00 -1.9097e+01 -3.5343e+00  0.0000e+00  0.0000e+00
   62 qah          1.7602963e+02   1.7807989e+02 -7.5019e+01  0.0000e+00 -3.2074e+01 -3.9270e+00  0.0000e+00  0.0000e+00
   63 sa           1.7639213e+02   1.7844239e+02 -7.4763e+01  0.0000e+00 -3.2330e+01 -3.9270e+00  0.0000e+00  0.0000e+00
   64 oa           1.7675463e+02   1.7880489e+02 -7.4506e+01  0.0000e+00 -3.2587e+01 -3.9270e+00  0.0000e+00  0.0000e+00
   65 qah          1.7711713e+02   1.7916739e+02 -7.4250e+01  0.0000e+00 -3.2843e+01 -3.9270e+00  0.0000e+00  0.0000e+00
   66 bh           1.7747963e+02   1.7952989e+02 -7.3994e+01  0.0000e+00 -3.3099e+01 -3.9270e+00  0.0000e+00  0.0000e+00
   67 qbh          1.9318760e+02   1.9544288e+02 -6.1017e+01  0.0000e+00 -4.1770e+01 -4.3197e+00  0.0000e+00  0.0000e+00
   68 sb           1.9355010e+02   1.9580538e+02 -6.0682e+01  0.0000e+00 -4.1909e+01 -4.3197e+00  0.0000e+00  0.0000e+00
   69 ob           1.9391260e+02   1.9616788e+02 -6.0347e+01  0.0000e+00 -4.2048e+01 -4.3197e+00  0.0000e+00  0.0000e+00
   70 qbh          1.9427510e+02   1.9653038e+02 -6.0012e+01  0.0000e+00 -4.2186e+01 -4.3197e+00  0.0000e+00  0.0000e+00
   71 bh           1.9463760e+02   1.9689288e+02 -5.9677e+01  0.0000e+00 -4.2325e+01 -4.3197e+00  0.0000e+00  0.0000e+00
   72 slndh        2.1034556e+02   2.1280587e+02 -4.4370e+01  0.0000e+00 -4.5370e+01 -4.7124e+00  0.0000e+00  0.0000e+00
   73 mslndcent    2.1107056e+02   2.1353087e+02 -4.3645e+01  0.0000e+00 -4.5370e+01 -4.7124e+00  0.0000e+00  0.0000e+00
   74 slndh        2.1107056e+02   2.1353087e+02 -4.3645e+01  0.0000e+00 -4.5370e+01 -4.7124e+00  0.0000e+00  0.0000e+00
   75 bh           2.1179556e+02   2.1425587e+02 -4.2920e+01  0.0000e+00 -4.5370e+01 -4.7124e+00  0.0000e+00  0.0000e+00
   76 qbh          2.2750352e+02   2.3016886e+02 -2.7612e+01  0.0000e+00 -4.2325e+01 -5.1051e+00  0.0000e+00  0.0000e+00
   77 sb           2.2786602e+02   2.3053136e+02 -2.7278e+01  0.0000e+00 -4.2186e+01 -5.1051e+00  0.0000e+00  0.0000e+00
   78 ob           2.2822852e+02   2.3089386e+02 -2.6943e+01  0.0000e+00 -4.2048e+01 -5.1051e+00  0.0000e+00  0.0000e+00
   79 qbh          2.2859102e+02   2.3125636e+02 -2.6608e+01  0.0000e+00 -4.1909e+01 -5.1051e+00  0.0000e+00  0.0000e+00
   80 bh           2.2895352e+02   2.3161886e+02 -2.6273e+01  0.0000e+00 -4.1770e+01 -5.1051e+00  0.0000e+00  0.0000e+00
   81 qah          2.4466149e+02   2.4753185e+02 -1.3296e+01  0.0000e+00 -3.3099e+01 -5.4978e+00  0.0000e+00  0.0000e+00
   82 sa           2.4502399e+02   2.4789435e+02 -1.3040e+01  0.0000e+00 -3.2843e+01 -5.4978e+00  0.0000e+00  0.0000e+00
   83 oa           2.4538649e+02   2.4825685e+02 -1.2783e+01  0.0000e+00 -3.2587e+01 -5.4978e+00  0.0000e+00  0.0000e+00
   84 qah          2.4574899e+02   2.4861935e+02 -1.2527e+01  0.0000e+00 -3.2330e+01 -5.4978e+00  0.0000e+00  0.0000e+00
   85 bh           2.4611149e+02   2.4898185e+02 -1.2271e+01  0.0000e+00 -3.2074e+01 -5.4978e+00  0.0000e+00  0.0000e+00
   86 qbh          2.6181945e+02   2.6489484e+02 -3.5997e+00  0.0000e+00 -1.9097e+01 -5.8905e+00  0.0000e+00  0.0000e+00
   87 sb           2.6218195e+02   2.6525734e+02 -3.4610e+00  0.0000e+00 -1.8762e+01 -5.8905e+00  0.0000e+00  0.0000e+00
   88 ob           2.6254445e+02   2.6561984e+02 -3.3223e+00  0.0000e+00 -1.8427e+01 -5.8905e+00  0.0000e+00  0.0000e+00
   89 qbh          2.6290695e+02   2.6598234e+02 -3.1835e+00  0.0000e+00 -1.8092e+01 -5.8905e+00  0.0000e+00  0.0000e+00
   90 bh           2.6326945e+02   2.6634484e+02 -3.0448e+00  0.0000e+00 -1.7757e+01 -5.8905e+00  0.0000e+00  0.0000e+00
   91 qch          2.7897741e+02   2.8225783e+02  9.8406e-13  0.0000e+00 -2.4500e+00 -6.2832e+00  0.0000e+00  0.0000e+00
   92 sc           2.7933991e+02   2.8262033e+02  8.3418e-13  0.0000e+00 -2.0875e+00 -6.2832e+00  0.0000e+00  0.0000e+00
   93 oc           2.7970241e+02   2.8298283e+02  6.8430e-13  0.0000e+00 -1.7250e+00 -6.2832e+00  0.0000e+00  0.0000e+00
   94 qch          2.8006491e+02   2.8334533e+02  5.3442e-13  0.0000e+00 -1.3625e+00 -6.2832e+00  0.0000e+00  0.0000e+00
   95 marcout      2.8042741e+02   2.8370783e+02  3.8454e-13  0.0000e+00 -1.0000e+00 -6.2832e+00  0.0000e+00  0.0000e+00
   96 strh         2.8042741e+02   2.8370783e+02  3.8454e-13  0.0000e+00 -1.0000e+00 -6.2832e+00  0.0000e+00  0.0000e+00
   97 mend         2.8142741e+02   2.8470783e+02 -2.8927e-14  0.0000e+00  1.1808e-10 -6.2832e+00  0.0000e+00  0.0000e+00
    0 End          2.8142741e+02   2.8470783e+02 -2.8927e-14  0.0000e+00  1.1808e-10 -6.2832e+00  0.0000e+00  0.0000e+00
