#-------------------------------------------------------------------------------------------
#  name       suml     betax    alphax   psix     etax      etaxp    betay    alphay   psiy    
#-------------------------------------------------------------------------------------------
origin        0.000   48.354   -0.000    0.000   44.652    0.000 22155.736    0.000    0.000
mbegin        0.000   48.354   -0.000    0.000   44.652    0.000 22155.736    0.000    0.000
marcin        1.000   48.375   -0.021    0.021   44.652    0.000 22155.736   -0.000    0.000
qch           1.000   48.375   -0.021    0.021   44.652    0.000 22155.736   -0.000    0.000
qch           2.088   48.444   -0.043    0.043   44.652    0.000 22155.735    0.000    0.000
bh            2.450   48.478   -0.051    0.051   44.652    0.000 22155.735    0.001    0.000
qbh          18.158   47.366    0.118    0.375   44.652    0.000 22155.724   -0.000    0.001
qbh          19.245   47.136    0.094    0.398   44.652    0.000 22155.724    0.000    0.001
bh           19.608   47.070    0.087    0.406   44.652    0.000 22155.723    0.001    0.001
qah          35.316   42.477    0.190    0.755   44.652    0.000 22155.712   -0.000    0.002
qah          36.403   42.092    0.164    0.781   44.652    0.000 22155.711    0.000    0.002
bh           36.766   41.976    0.155    0.789   44.652    0.000 22155.711    0.001    0.002
qbh          52.474   36.937    0.149    1.188   44.652   -0.000 22155.699    0.000    0.002
qbh          53.561   36.646    0.119    1.217   44.652    0.000 22155.698    0.000    0.002
bh           53.924   36.564    0.109    1.227   44.652    0.000 22155.698    0.001    0.002
bh           71.082   34.409   -0.021    1.715   44.652   -0.000 22155.686   -0.000    0.003
qbh          86.790   36.564   -0.109    2.160   44.652   -0.000 22155.698   -0.001    0.004
qbh          87.877   36.833   -0.139    2.190   44.652   -0.000 22155.699   -0.000    0.004
bh           88.240   36.937   -0.149    2.200   44.652   -0.000 22155.699   -0.000    0.004
qah         103.948   41.976   -0.155    2.598   44.652   -0.000 22155.711   -0.001    0.005
qah         105.035   42.342   -0.181    2.624   44.652   -0.000 22155.712   -0.000    0.005
bh          105.398   42.477   -0.190    2.633   44.652   -0.000 22155.712    0.000    0.005
qbh         121.106   47.070   -0.087    2.982   44.652   -0.000 22155.723   -0.001    0.006
qbh         122.193   47.284   -0.110    3.005   44.652   -0.000 22155.724   -0.000    0.006
bh          122.556   47.366   -0.118    3.012   44.652   -0.000 22155.724    0.000    0.006
qch         138.264   48.478    0.051    3.337   44.652   -0.000 22155.735   -0.001    0.006
qch         139.351   48.393    0.028    3.359   44.652   -0.000 22155.736   -0.000    0.006
marcout     139.714   48.375    0.021    3.367   44.652   -0.000 22155.736    0.000    0.006
mhalf       140.714   48.354    0.000    3.387   44.652   -0.000 22155.736    0.000    0.006
marcin      141.714   48.375   -0.021    3.408   44.652   -0.000 22155.736   -0.000    0.006
qch         141.714   48.375   -0.021    3.408   44.652   -0.000 22155.736   -0.000    0.006
qch         142.801   48.444   -0.043    3.431   44.652    0.000 22155.735    0.000    0.007
bh          143.164   48.478   -0.051    3.438   44.652    0.000 22155.735    0.001    0.007
qbh         158.872   47.366    0.118    3.763   44.652    0.000 22155.724   -0.000    0.007
qbh         159.959   47.136    0.094    3.786   44.652    0.000 22155.724    0.000    0.007
bh          160.322   47.070    0.087    3.793   44.652    0.000 22155.723    0.001    0.007
qah         176.030   42.477    0.190    4.142   44.652    0.000 22155.712   -0.000    0.008
qah         177.117   42.092    0.164    4.168   44.652    0.000 22155.711    0.000    0.008
bh          177.480   41.976    0.155    4.177   44.652    0.000 22155.711    0.001    0.008
qbh         193.188   36.937    0.149    4.575   44.652    0.000 22155.699    0.000    0.009
qbh         194.275   36.646    0.119    4.605   44.652    0.000 22155.698    0.000    0.009
bh          194.638   36.564    0.109    4.615   44.652    0.000 22155.698    0.001    0.009
bh          211.796   34.409   -0.021    5.102   44.652    0.000 22155.685   -0.000    0.010
qbh         227.504   36.564   -0.109    5.548   44.652   -0.000 22155.698   -0.001    0.010
qbh         228.591   36.833   -0.139    5.577   44.652   -0.000 22155.699   -0.000    0.010
bh          228.954   36.937   -0.149    5.587   44.652    0.000 22155.699   -0.000    0.010
qah         244.661   41.976   -0.155    5.986   44.652   -0.000 22155.711   -0.001    0.011
qah         245.749   42.342   -0.181    6.012   44.652   -0.000 22155.712   -0.000    0.011
bh          246.111   42.477   -0.190    6.020   44.652    0.000 22155.712    0.000    0.011
qbh         261.819   47.070   -0.087    6.369   44.652   -0.000 22155.723   -0.001    0.012
qbh         262.907   47.284   -0.110    6.392   44.652   -0.000 22155.724   -0.000    0.012
bh          263.269   47.366   -0.118    6.400   44.652    0.000 22155.724    0.000    0.012
qch         278.977   48.478    0.051    6.724   44.652   -0.000 22155.735   -0.001    0.013
qch         280.065   48.393    0.028    6.747   44.652   -0.000 22155.736   -0.000    0.013
marcout     280.427   48.375    0.021    6.754   44.652    0.000 22155.736    0.000    0.013
mend        281.427   48.354    0.000    6.775   44.652    0.000 22155.736    0.000    0.013
#-------------------------------------------------------------------------------------------
#  name       suml     betax    alphax   psix     etax     etaxp    betay    alphay   psiy    
#-------------------------------------------------------------------------------------------
