------------------------------------------------------------------------------------------------------------------------
#     name         suml(thick)       suml(thin)      x           y           z           theta       phi         psi       
------------------------------------------------------------------------------------------------------------------------
    0 mbegin       0.0000000e+00   0.0000000e+00  0.0000e+00  0.0000e+00  0.0000e+00  0.0000e+00  0.0000e+00  0.0000e+00
    1 marcin       0.0000000e+00   0.0000000e+00  0.0000e+00  0.0000e+00  0.0000e+00  0.0000e+00  0.0000e+00  0.0000e+00
    2 mcellin      0.0000000e+00   0.0000000e+00  0.0000e+00  0.0000e+00  0.0000e+00  0.0000e+00  0.0000e+00  0.0000e+00
    3 dh           0.0000000e+00   0.0000000e+00  0.0000e+00  0.0000e+00  0.0000e+00  0.0000e+00  0.0000e+00  0.0000e+00
    4 q            1.0000000e-10   1.0000000e-10  0.0000e+00  0.0000e+00  1.0000e-10  0.0000e+00  0.0000e+00  0.0000e+00
    5 bh           2.0000000e-10   2.0000000e-10  0.0000e+00  0.0000e+00  2.0000e-10  0.0000e+00  0.0000e+00  0.0000e+00
    6 mcellcenter   3.1415927e+00   3.1432086e+00 -1.2331e-01  0.0000e+00  3.1384e+00 -7.8540e-02  0.0000e+00  0.0000e+00
    7 bh           3.1415927e+00   3.1432086e+00 -1.2331e-01  0.0000e+00  3.1384e+00 -7.8540e-02  0.0000e+00  0.0000e+00
    8 q            6.2831853e+00   6.2864171e+00 -4.9247e-01  0.0000e+00  6.2574e+00 -1.5708e-01  0.0000e+00  0.0000e+00
    9 dh           6.2831853e+00   6.2864171e+00 -4.9247e-01  0.0000e+00  6.2574e+00 -1.5708e-01  0.0000e+00  0.0000e+00
   10 mcellout     6.2831853e+00   6.2864171e+00 -4.9247e-01  0.0000e+00  6.2574e+00 -1.5708e-01  0.0000e+00  0.0000e+00
   11 mcellin      6.2831853e+00   6.2864171e+00 -4.9247e-01  0.0000e+00  6.2574e+00 -1.5708e-01  0.0000e+00  0.0000e+00
   12 dh           6.2831853e+00   6.2864171e+00 -4.9247e-01  0.0000e+00  6.2574e+00 -1.5708e-01  0.0000e+00  0.0000e+00
   13 q            6.2831853e+00   6.2864171e+00 -4.9247e-01  0.0000e+00  6.2574e+00 -1.5708e-01  0.0000e+00  0.0000e+00
   14 bh           6.2831853e+00   6.2864171e+00 -4.9247e-01  0.0000e+00  6.2574e+00 -1.5708e-01  0.0000e+00  0.0000e+00
   15 mcellcenter   9.4247780e+00   9.4296257e+00 -1.1052e+00  0.0000e+00  9.3378e+00 -2.3562e-01  0.0000e+00  0.0000e+00
   16 bh           9.4247780e+00   9.4296257e+00 -1.1052e+00  0.0000e+00  9.3378e+00 -2.3562e-01  0.0000e+00  0.0000e+00
   17 q            1.2566371e+01   1.2572834e+01 -1.9577e+00  0.0000e+00  1.2361e+01 -3.1416e-01  0.0000e+00  0.0000e+00
   18 dh           1.2566371e+01   1.2572834e+01 -1.9577e+00  0.0000e+00  1.2361e+01 -3.1416e-01  0.0000e+00  0.0000e+00
   19 mcellout     1.2566371e+01   1.2572834e+01 -1.9577e+00  0.0000e+00  1.2361e+01 -3.1416e-01  0.0000e+00  0.0000e+00
   20 mcellin      1.2566371e+01   1.2572834e+01 -1.9577e+00  0.0000e+00  1.2361e+01 -3.1416e-01  0.0000e+00  0.0000e+00
   21 dh           1.2566371e+01   1.2572834e+01 -1.9577e+00  0.0000e+00  1.2361e+01 -3.1416e-01  0.0000e+00  0.0000e+00
   22 q            1.2566371e+01   1.2572834e+01 -1.9577e+00  0.0000e+00  1.2361e+01 -3.1416e-01  0.0000e+00  0.0000e+00
   23 bh           1.2566371e+01   1.2572834e+01 -1.9577e+00  0.0000e+00  1.2361e+01 -3.1416e-01  0.0000e+00  0.0000e+00
   24 mcellcenter   1.5707963e+01   1.5716043e+01 -3.0448e+00  0.0000e+00  1.5307e+01 -3.9270e-01  0.0000e+00  0.0000e+00
   25 bh           1.5707963e+01   1.5716043e+01 -3.0448e+00  0.0000e+00  1.5307e+01 -3.9270e-01  0.0000e+00  0.0000e+00
   26 q            1.8849556e+01   1.8859251e+01 -4.3597e+00  0.0000e+00  1.8160e+01 -4.7124e-01  0.0000e+00  0.0000e+00
   27 dh           1.8849556e+01   1.8859251e+01 -4.3597e+00  0.0000e+00  1.8160e+01 -4.7124e-01  0.0000e+00  0.0000e+00
   28 mcellout     1.8849556e+01   1.8859251e+01 -4.3597e+00  0.0000e+00  1.8160e+01 -4.7124e-01  0.0000e+00  0.0000e+00
   29 mcellin      1.8849556e+01   1.8859251e+01 -4.3597e+00  0.0000e+00  1.8160e+01 -4.7124e-01  0.0000e+00  0.0000e+00
   30 dh           1.8849556e+01   1.8859251e+01 -4.3597e+00  0.0000e+00  1.8160e+01 -4.7124e-01  0.0000e+00  0.0000e+00
   31 q            1.8849556e+01   1.8859251e+01 -4.3597e+00  0.0000e+00  1.8160e+01 -4.7124e-01  0.0000e+00  0.0000e+00
   32 bh           1.8849556e+01   1.8859251e+01 -4.3597e+00  0.0000e+00  1.8160e+01 -4.7124e-01  0.0000e+00  0.0000e+00
   33 mcellcenter   2.1991149e+01   2.2002460e+01 -5.8944e+00  0.0000e+00  2.0900e+01 -5.4978e-01  0.0000e+00  0.0000e+00
   34 bh           2.1991149e+01   2.2002460e+01 -5.8944e+00  0.0000e+00  2.0900e+01 -5.4978e-01  0.0000e+00  0.0000e+00
   35 q            2.5132741e+01   2.5145668e+01 -7.6393e+00  0.0000e+00  2.3511e+01 -6.2832e-01  0.0000e+00  0.0000e+00
   36 dh           2.5132741e+01   2.5145668e+01 -7.6393e+00  0.0000e+00  2.3511e+01 -6.2832e-01  0.0000e+00  0.0000e+00
   37 mcellout     2.5132741e+01   2.5145668e+01 -7.6393e+00  0.0000e+00  2.3511e+01 -6.2832e-01  0.0000e+00  0.0000e+00
   38 mcellin      2.5132741e+01   2.5145668e+01 -7.6393e+00  0.0000e+00  2.3511e+01 -6.2832e-01  0.0000e+00  0.0000e+00
   39 dh           2.5132741e+01   2.5145668e+01 -7.6393e+00  0.0000e+00  2.3511e+01 -6.2832e-01  0.0000e+00  0.0000e+00
   40 q            2.5132741e+01   2.5145668e+01 -7.6393e+00  0.0000e+00  2.3511e+01 -6.2832e-01  0.0000e+00  0.0000e+00
   41 bh           2.5132741e+01   2.5145668e+01 -7.6393e+00  0.0000e+00  2.3511e+01 -6.2832e-01  0.0000e+00  0.0000e+00
   42 mcellcenter   2.8274334e+01   2.8288877e+01 -9.5838e+00  0.0000e+00  2.5978e+01 -7.0686e-01  0.0000e+00  0.0000e+00
   43 bh           2.8274334e+01   2.8288877e+01 -9.5838e+00  0.0000e+00  2.5978e+01 -7.0686e-01  0.0000e+00  0.0000e+00
   44 q            3.1415927e+01   3.1432086e+01 -1.1716e+01  0.0000e+00  2.8284e+01 -7.8540e-01  0.0000e+00  0.0000e+00
   45 dh           3.1415927e+01   3.1432086e+01 -1.1716e+01  0.0000e+00  2.8284e+01 -7.8540e-01  0.0000e+00  0.0000e+00
   46 mcellout     3.1415927e+01   3.1432086e+01 -1.1716e+01  0.0000e+00  2.8284e+01 -7.8540e-01  0.0000e+00  0.0000e+00
   47 mcellin      3.1415927e+01   3.1432086e+01 -1.1716e+01  0.0000e+00  2.8284e+01 -7.8540e-01  0.0000e+00  0.0000e+00
   48 dh           3.1415927e+01   3.1432086e+01 -1.1716e+01  0.0000e+00  2.8284e+01 -7.8540e-01  0.0000e+00  0.0000e+00
   49 q            3.1415927e+01   3.1432086e+01 -1.1716e+01  0.0000e+00  2.8284e+01 -7.8540e-01  0.0000e+00  0.0000e+00
   50 bh           3.1415927e+01   3.1432086e+01 -1.1716e+01  0.0000e+00  2.8284e+01 -7.8540e-01  0.0000e+00  0.0000e+00
   51 mcellcenter   3.4557519e+01   3.4575294e+01 -1.4022e+01  0.0000e+00  3.0416e+01 -8.6394e-01  0.0000e+00  0.0000e+00
   52 bh           3.4557519e+01   3.4575294e+01 -1.4022e+01  0.0000e+00  3.0416e+01 -8.6394e-01  0.0000e+00  0.0000e+00
   53 q            3.7699112e+01   3.7718503e+01 -1.6489e+01  0.0000e+00  3.2361e+01 -9.4248e-01  0.0000e+00  0.0000e+00
   54 dh           3.7699112e+01   3.7718503e+01 -1.6489e+01  0.0000e+00  3.2361e+01 -9.4248e-01  0.0000e+00  0.0000e+00
   55 mcellout     3.7699112e+01   3.7718503e+01 -1.6489e+01  0.0000e+00  3.2361e+01 -9.4248e-01  0.0000e+00  0.0000e+00
   56 mcellin      3.7699112e+01   3.7718503e+01 -1.6489e+01  0.0000e+00  3.2361e+01 -9.4248e-01  0.0000e+00  0.0000e+00
   57 dh           3.7699112e+01   3.7718503e+01 -1.6489e+01  0.0000e+00  3.2361e+01 -9.4248e-01  0.0000e+00  0.0000e+00
   58 q            3.7699112e+01   3.7718503e+01 -1.6489e+01  0.0000e+00  3.2361e+01 -9.4248e-01  0.0000e+00  0.0000e+00
   59 bh           3.7699112e+01   3.7718503e+01 -1.6489e+01  0.0000e+00  3.2361e+01 -9.4248e-01  0.0000e+00  0.0000e+00
   60 mcellcenter   4.0840704e+01   4.0861711e+01 -1.9100e+01  0.0000e+00  3.4106e+01 -1.0210e+00  0.0000e+00  0.0000e+00
   61 bh           4.0840704e+01   4.0861711e+01 -1.9100e+01  0.0000e+00  3.4106e+01 -1.0210e+00  0.0000e+00  0.0000e+00
   62 q            4.3982297e+01   4.4004920e+01 -2.1840e+01  0.0000e+00  3.5640e+01 -1.0996e+00  0.0000e+00  0.0000e+00
   63 dh           4.3982297e+01   4.4004920e+01 -2.1840e+01  0.0000e+00  3.5640e+01 -1.0996e+00  0.0000e+00  0.0000e+00
   64 mcellout     4.3982297e+01   4.4004920e+01 -2.1840e+01  0.0000e+00  3.5640e+01 -1.0996e+00  0.0000e+00  0.0000e+00
   65 mcellin      4.3982297e+01   4.4004920e+01 -2.1840e+01  0.0000e+00  3.5640e+01 -1.0996e+00  0.0000e+00  0.0000e+00
   66 dh           4.3982297e+01   4.4004920e+01 -2.1840e+01  0.0000e+00  3.5640e+01 -1.0996e+00  0.0000e+00  0.0000e+00
   67 q            4.3982297e+01   4.4004920e+01 -2.1840e+01  0.0000e+00  3.5640e+01 -1.0996e+00  0.0000e+00  0.0000e+00
   68 bh           4.3982297e+01   4.4004920e+01 -2.1840e+01  0.0000e+00  3.5640e+01 -1.0996e+00  0.0000e+00  0.0000e+00
   69 mcellcenter   4.7123890e+01   4.7148128e+01 -2.4693e+01  0.0000e+00  3.6955e+01 -1.1781e+00  0.0000e+00  0.0000e+00
   70 bh           4.7123890e+01   4.7148128e+01 -2.4693e+01  0.0000e+00  3.6955e+01 -1.1781e+00  0.0000e+00  0.0000e+00
   71 q            5.0265482e+01   5.0291337e+01 -2.7639e+01  0.0000e+00  3.8042e+01 -1.2566e+00  0.0000e+00  0.0000e+00
   72 dh           5.0265482e+01   5.0291337e+01 -2.7639e+01  0.0000e+00  3.8042e+01 -1.2566e+00  0.0000e+00  0.0000e+00
   73 mcellout     5.0265482e+01   5.0291337e+01 -2.7639e+01  0.0000e+00  3.8042e+01 -1.2566e+00  0.0000e+00  0.0000e+00
   74 mcellin      5.0265482e+01   5.0291337e+01 -2.7639e+01  0.0000e+00  3.8042e+01 -1.2566e+00  0.0000e+00  0.0000e+00
   75 dh           5.0265482e+01   5.0291337e+01 -2.7639e+01  0.0000e+00  3.8042e+01 -1.2566e+00  0.0000e+00  0.0000e+00
   76 q            5.0265482e+01   5.0291337e+01 -2.7639e+01  0.0000e+00  3.8042e+01 -1.2566e+00  0.0000e+00  0.0000e+00
   77 bh           5.0265482e+01   5.0291337e+01 -2.7639e+01  0.0000e+00  3.8042e+01 -1.2566e+00  0.0000e+00  0.0000e+00
   78 mcellcenter   5.3407075e+01   5.3434546e+01 -3.0662e+01  0.0000e+00  3.8895e+01 -1.3352e+00  0.0000e+00  0.0000e+00
   79 bh           5.3407075e+01   5.3434546e+01 -3.0662e+01  0.0000e+00  3.8895e+01 -1.3352e+00  0.0000e+00  0.0000e+00
   80 q            5.6548668e+01   5.6577754e+01 -3.3743e+01  0.0000e+00  3.9508e+01 -1.4137e+00  0.0000e+00  0.0000e+00
   81 dh           5.6548668e+01   5.6577754e+01 -3.3743e+01  0.0000e+00  3.9508e+01 -1.4137e+00  0.0000e+00  0.0000e+00
   82 mcellout     5.6548668e+01   5.6577754e+01 -3.3743e+01  0.0000e+00  3.9508e+01 -1.4137e+00  0.0000e+00  0.0000e+00
   83 mcellin      5.6548668e+01   5.6577754e+01 -3.3743e+01  0.0000e+00  3.9508e+01 -1.4137e+00  0.0000e+00  0.0000e+00
   84 dh           5.6548668e+01   5.6577754e+01 -3.3743e+01  0.0000e+00  3.9508e+01 -1.4137e+00  0.0000e+00  0.0000e+00
   85 q            5.6548668e+01   5.6577754e+01 -3.3743e+01  0.0000e+00  3.9508e+01 -1.4137e+00  0.0000e+00  0.0000e+00
   86 bh           5.6548668e+01   5.6577754e+01 -3.3743e+01  0.0000e+00  3.9508e+01 -1.4137e+00  0.0000e+00  0.0000e+00
   87 mcellcenter   5.9690260e+01   5.9720963e+01 -3.6862e+01  0.0000e+00  3.9877e+01 -1.4923e+00  0.0000e+00  0.0000e+00
   88 bh           5.9690260e+01   5.9720963e+01 -3.6862e+01  0.0000e+00  3.9877e+01 -1.4923e+00  0.0000e+00  0.0000e+00
   89 q            6.2831853e+01   6.2864171e+01 -4.0000e+01  0.0000e+00  4.0000e+01 -1.5708e+00  0.0000e+00  0.0000e+00
   90 dh           6.2831853e+01   6.2864171e+01 -4.0000e+01  0.0000e+00  4.0000e+01 -1.5708e+00  0.0000e+00  0.0000e+00
   91 mcellout     6.2831853e+01   6.2864171e+01 -4.0000e+01  0.0000e+00  4.0000e+01 -1.5708e+00  0.0000e+00  0.0000e+00
   92 mcellin      6.2831853e+01   6.2864171e+01 -4.0000e+01  0.0000e+00  4.0000e+01 -1.5708e+00  0.0000e+00  0.0000e+00
   93 dh           6.2831853e+01   6.2864171e+01 -4.0000e+01  0.0000e+00  4.0000e+01 -1.5708e+00  0.0000e+00  0.0000e+00
   94 q            6.2831853e+01   6.2864171e+01 -4.0000e+01  0.0000e+00  4.0000e+01 -1.5708e+00  0.0000e+00  0.0000e+00
   95 bh           6.2831853e+01   6.2864171e+01 -4.0000e+01  0.0000e+00  4.0000e+01 -1.5708e+00  0.0000e+00  0.0000e+00
   96 mcellcenter   6.5973446e+01   6.6007380e+01 -4.3138e+01  0.0000e+00  3.9877e+01 -1.6493e+00  0.0000e+00  0.0000e+00
   97 bh           6.5973446e+01   6.6007380e+01 -4.3138e+01  0.0000e+00  3.9877e+01 -1.6493e+00  0.0000e+00  0.0000e+00
   98 q            6.9115038e+01   6.9150588e+01 -4.6257e+01  0.0000e+00  3.9508e+01 -1.7279e+00  0.0000e+00  0.0000e+00
   99 dh           6.9115038e+01   6.9150588e+01 -4.6257e+01  0.0000e+00  3.9508e+01 -1.7279e+00  0.0000e+00  0.0000e+00
  100 mcellout     6.9115038e+01   6.9150588e+01 -4.6257e+01  0.0000e+00  3.9508e+01 -1.7279e+00  0.0000e+00  0.0000e+00
  101 mcellin      6.9115038e+01   6.9150588e+01 -4.6257e+01  0.0000e+00  3.9508e+01 -1.7279e+00  0.0000e+00  0.0000e+00
  102 dh           6.9115038e+01   6.9150588e+01 -4.6257e+01  0.0000e+00  3.9508e+01 -1.7279e+00  0.0000e+00  0.0000e+00
  103 q            6.9115038e+01   6.9150588e+01 -4.6257e+01  0.0000e+00  3.9508e+01 -1.7279e+00  0.0000e+00  0.0000e+00
  104 bh           6.9115038e+01   6.9150588e+01 -4.6257e+01  0.0000e+00  3.9508e+01 -1.7279e+00  0.0000e+00  0.0000e+00
  105 mcellcenter   7.2256631e+01   7.2293797e+01 -4.9338e+01  0.0000e+00  3.8895e+01 -1.8064e+00  0.0000e+00  0.0000e+00
  106 bh           7.2256631e+01   7.2293797e+01 -4.9338e+01  0.0000e+00  3.8895e+01 -1.8064e+00  0.0000e+00  0.0000e+00
  107 q            7.5398224e+01   7.5437005e+01 -5.2361e+01  0.0000e+00  3.8042e+01 -1.8850e+00  0.0000e+00  0.0000e+00
  108 dh           7.5398224e+01   7.5437005e+01 -5.2361e+01  0.0000e+00  3.8042e+01 -1.8850e+00  0.0000e+00  0.0000e+00
  109 mcellout     7.5398224e+01   7.5437005e+01 -5.2361e+01  0.0000e+00  3.8042e+01 -1.8850e+00  0.0000e+00  0.0000e+00
  110 mcellin      7.5398224e+01   7.5437005e+01 -5.2361e+01  0.0000e+00  3.8042e+01 -1.8850e+00  0.0000e+00  0.0000e+00
  111 dh           7.5398224e+01   7.5437005e+01 -5.2361e+01  0.0000e+00  3.8042e+01 -1.8850e+00  0.0000e+00  0.0000e+00
  112 q            7.5398224e+01   7.5437005e+01 -5.2361e+01  0.0000e+00  3.8042e+01 -1.8850e+00  0.0000e+00  0.0000e+00
  113 bh           7.5398224e+01   7.5437005e+01 -5.2361e+01  0.0000e+00  3.8042e+01 -1.8850e+00  0.0000e+00  0.0000e+00
  114 mcellcenter   7.8539816e+01   7.8580214e+01 -5.5307e+01  0.0000e+00  3.6955e+01 -1.9635e+00  0.0000e+00  0.0000e+00
  115 bh           7.8539816e+01   7.8580214e+01 -5.5307e+01  0.0000e+00  3.6955e+01 -1.9635e+00  0.0000e+00  0.0000e+00
  116 q            8.1681409e+01   8.1723423e+01 -5.8160e+01  0.0000e+00  3.5640e+01 -2.0420e+00  0.0000e+00  0.0000e+00
  117 dh           8.1681409e+01   8.1723423e+01 -5.8160e+01  0.0000e+00  3.5640e+01 -2.0420e+00  0.0000e+00  0.0000e+00
  118 mcellout     8.1681409e+01   8.1723423e+01 -5.8160e+01  0.0000e+00  3.5640e+01 -2.0420e+00  0.0000e+00  0.0000e+00
  119 mcellin      8.1681409e+01   8.1723423e+01 -5.8160e+01  0.0000e+00  3.5640e+01 -2.0420e+00  0.0000e+00  0.0000e+00
  120 dh           8.1681409e+01   8.1723423e+01 -5.8160e+01  0.0000e+00  3.5640e+01 -2.0420e+00  0.0000e+00  0.0000e+00
  121 q            8.1681409e+01   8.1723423e+01 -5.8160e+01  0.0000e+00  3.5640e+01 -2.0420e+00  0.0000e+00  0.0000e+00
  122 bh           8.1681409e+01   8.1723423e+01 -5.8160e+01  0.0000e+00  3.5640e+01 -2.0420e+00  0.0000e+00  0.0000e+00
  123 mcellcenter   8.4823002e+01   8.4866631e+01 -6.0900e+01  0.0000e+00  3.4106e+01 -2.1206e+00  0.0000e+00  0.0000e+00
  124 bh           8.4823002e+01   8.4866631e+01 -6.0900e+01  0.0000e+00  3.4106e+01 -2.1206e+00  0.0000e+00  0.0000e+00
  125 q            8.7964594e+01   8.8009840e+01 -6.3511e+01  0.0000e+00  3.2361e+01 -2.1991e+00  0.0000e+00  0.0000e+00
  126 dh           8.7964594e+01   8.8009840e+01 -6.3511e+01  0.0000e+00  3.2361e+01 -2.1991e+00  0.0000e+00  0.0000e+00
  127 mcellout     8.7964594e+01   8.8009840e+01 -6.3511e+01  0.0000e+00  3.2361e+01 -2.1991e+00  0.0000e+00  0.0000e+00
  128 mcellin      8.7964594e+01   8.8009840e+01 -6.3511e+01  0.0000e+00  3.2361e+01 -2.1991e+00  0.0000e+00  0.0000e+00
  129 dh           8.7964594e+01   8.8009840e+01 -6.3511e+01  0.0000e+00  3.2361e+01 -2.1991e+00  0.0000e+00  0.0000e+00
  130 q            8.7964594e+01   8.8009840e+01 -6.3511e+01  0.0000e+00  3.2361e+01 -2.1991e+00  0.0000e+00  0.0000e+00
  131 bh           8.7964594e+01   8.8009840e+01 -6.3511e+01  0.0000e+00  3.2361e+01 -2.1991e+00  0.0000e+00  0.0000e+00
  132 mcellcenter   9.1106187e+01   9.1153048e+01 -6.5978e+01  0.0000e+00  3.0416e+01 -2.2777e+00  0.0000e+00  0.0000e+00
  133 bh           9.1106187e+01   9.1153048e+01 -6.5978e+01  0.0000e+00  3.0416e+01 -2.2777e+00  0.0000e+00  0.0000e+00
  134 q            9.4247780e+01   9.4296257e+01 -6.8284e+01  0.0000e+00  2.8284e+01 -2.3562e+00  0.0000e+00  0.0000e+00
  135 dh           9.4247780e+01   9.4296257e+01 -6.8284e+01  0.0000e+00  2.8284e+01 -2.3562e+00  0.0000e+00  0.0000e+00
  136 mcellout     9.4247780e+01   9.4296257e+01 -6.8284e+01  0.0000e+00  2.8284e+01 -2.3562e+00  0.0000e+00  0.0000e+00
  137 mcellin      9.4247780e+01   9.4296257e+01 -6.8284e+01  0.0000e+00  2.8284e+01 -2.3562e+00  0.0000e+00  0.0000e+00
  138 dh           9.4247780e+01   9.4296257e+01 -6.8284e+01  0.0000e+00  2.8284e+01 -2.3562e+00  0.0000e+00  0.0000e+00
  139 q            9.4247780e+01   9.4296257e+01 -6.8284e+01  0.0000e+00  2.8284e+01 -2.3562e+00  0.0000e+00  0.0000e+00
  140 bh           9.4247780e+01   9.4296257e+01 -6.8284e+01  0.0000e+00  2.8284e+01 -2.3562e+00  0.0000e+00  0.0000e+00
  141 mcellcenter   9.7389372e+01   9.7439465e+01 -7.0416e+01  0.0000e+00  2.5978e+01 -2.4347e+00  0.0000e+00  0.0000e+00
  142 bh           9.7389372e+01   9.7439465e+01 -7.0416e+01  0.0000e+00  2.5978e+01 -2.4347e+00  0.0000e+00  0.0000e+00
  143 q            1.0053096e+02   1.0058267e+02 -7.2361e+01  0.0000e+00  2.3511e+01 -2.5133e+00  0.0000e+00  0.0000e+00
  144 dh           1.0053096e+02   1.0058267e+02 -7.2361e+01  0.0000e+00  2.3511e+01 -2.5133e+00  0.0000e+00  0.0000e+00
  145 mcellout     1.0053096e+02   1.0058267e+02 -7.2361e+01  0.0000e+00  2.3511e+01 -2.5133e+00  0.0000e+00  0.0000e+00
  146 mcellin      1.0053096e+02   1.0058267e+02 -7.2361e+01  0.0000e+00  2.3511e+01 -2.5133e+00  0.0000e+00  0.0000e+00
  147 dh           1.0053096e+02   1.0058267e+02 -7.2361e+01  0.0000e+00  2.3511e+01 -2.5133e+00  0.0000e+00  0.0000e+00
  148 q            1.0053096e+02   1.0058267e+02 -7.2361e+01  0.0000e+00  2.3511e+01 -2.5133e+00  0.0000e+00  0.0000e+00
  149 bh           1.0053096e+02   1.0058267e+02 -7.2361e+01  0.0000e+00  2.3511e+01 -2.5133e+00  0.0000e+00  0.0000e+00
  150 mcellcenter   1.0367256e+02   1.0372588e+02 -7.4106e+01  0.0000e+00  2.0900e+01 -2.5918e+00  0.0000e+00  0.0000e+00
  151 bh           1.0367256e+02   1.0372588e+02 -7.4106e+01  0.0000e+00  2.0900e+01 -2.5918e+00  0.0000e+00  0.0000e+00
  152 q            1.0681415e+02   1.0686909e+02 -7.5640e+01  0.0000e+00  1.8160e+01 -2.6704e+00  0.0000e+00  0.0000e+00
  153 dh           1.0681415e+02   1.0686909e+02 -7.5640e+01  0.0000e+00  1.8160e+01 -2.6704e+00  0.0000e+00  0.0000e+00
  154 mcellout     1.0681415e+02   1.0686909e+02 -7.5640e+01  0.0000e+00  1.8160e+01 -2.6704e+00  0.0000e+00  0.0000e+00
  155 mcellin      1.0681415e+02   1.0686909e+02 -7.5640e+01  0.0000e+00  1.8160e+01 -2.6704e+00  0.0000e+00  0.0000e+00
  156 dh           1.0681415e+02   1.0686909e+02 -7.5640e+01  0.0000e+00  1.8160e+01 -2.6704e+00  0.0000e+00  0.0000e+00
  157 q            1.0681415e+02   1.0686909e+02 -7.5640e+01  0.0000e+00  1.8160e+01 -2.6704e+00  0.0000e+00  0.0000e+00
  158 bh           1.0681415e+02   1.0686909e+02 -7.5640e+01  0.0000e+00  1.8160e+01 -2.6704e+00  0.0000e+00  0.0000e+00
  159 mcellcenter   1.0995574e+02   1.1001230e+02 -7.6955e+01  0.0000e+00  1.5307e+01 -2.7489e+00  0.0000e+00  0.0000e+00
  160 bh           1.0995574e+02   1.1001230e+02 -7.6955e+01  0.0000e+00  1.5307e+01 -2.7489e+00  0.0000e+00  0.0000e+00
  161 q            1.1309734e+02   1.1315551e+02 -7.8042e+01  0.0000e+00  1.2361e+01 -2.8274e+00  0.0000e+00  0.0000e+00
  162 dh           1.1309734e+02   1.1315551e+02 -7.8042e+01  0.0000e+00  1.2361e+01 -2.8274e+00  0.0000e+00  0.0000e+00
  163 mcellout     1.1309734e+02   1.1315551e+02 -7.8042e+01  0.0000e+00  1.2361e+01 -2.8274e+00  0.0000e+00  0.0000e+00
  164 mcellin      1.1309734e+02   1.1315551e+02 -7.8042e+01  0.0000e+00  1.2361e+01 -2.8274e+00  0.0000e+00  0.0000e+00
  165 dh           1.1309734e+02   1.1315551e+02 -7.8042e+01  0.0000e+00  1.2361e+01 -2.8274e+00  0.0000e+00  0.0000e+00
  166 q            1.1309734e+02   1.1315551e+02 -7.8042e+01  0.0000e+00  1.2361e+01 -2.8274e+00  0.0000e+00  0.0000e+00
  167 bh           1.1309734e+02   1.1315551e+02 -7.8042e+01  0.0000e+00  1.2361e+01 -2.8274e+00  0.0000e+00  0.0000e+00
  168 mcellcenter   1.1623893e+02   1.1629872e+02 -7.8895e+01  0.0000e+00  9.3378e+00 -2.9060e+00  0.0000e+00  0.0000e+00
  169 bh           1.1623893e+02   1.1629872e+02 -7.8895e+01  0.0000e+00  9.3378e+00 -2.9060e+00  0.0000e+00  0.0000e+00
  170 q            1.1938052e+02   1.1944193e+02 -7.9508e+01  0.0000e+00  6.2574e+00 -2.9845e+00  0.0000e+00  0.0000e+00
  171 dh           1.1938052e+02   1.1944193e+02 -7.9508e+01  0.0000e+00  6.2574e+00 -2.9845e+00  0.0000e+00  0.0000e+00
  172 mcellout     1.1938052e+02   1.1944193e+02 -7.9508e+01  0.0000e+00  6.2574e+00 -2.9845e+00  0.0000e+00  0.0000e+00
  173 mcellin      1.1938052e+02   1.1944193e+02 -7.9508e+01  0.0000e+00  6.2574e+00 -2.9845e+00  0.0000e+00  0.0000e+00
  174 dh           1.1938052e+02   1.1944193e+02 -7.9508e+01  0.0000e+00  6.2574e+00 -2.9845e+00  0.0000e+00  0.0000e+00
  175 q            1.1938052e+02   1.1944193e+02 -7.9508e+01  0.0000e+00  6.2574e+00 -2.9845e+00  0.0000e+00  0.0000e+00
  176 bh           1.1938052e+02   1.1944193e+02 -7.9508e+01  0.0000e+00  6.2574e+00 -2.9845e+00  0.0000e+00  0.0000e+00
  177 mcellcenter   1.2252211e+02   1.2258513e+02 -7.9877e+01  0.0000e+00  3.1384e+00 -3.0631e+00  0.0000e+00  0.0000e+00
  178 bh           1.2252211e+02   1.2258513e+02 -7.9877e+01  0.0000e+00  3.1384e+00 -3.0631e+00  0.0000e+00  0.0000e+00
  179 q            1.2566371e+02   1.2572834e+02 -8.0000e+01  0.0000e+00  1.9175e-10 -3.1416e+00  0.0000e+00  0.0000e+00
  180 dh           1.2566371e+02   1.2572834e+02 -8.0000e+01  0.0000e+00  9.1753e-11 -3.1416e+00  0.0000e+00  0.0000e+00
  181 mcellout     1.2566371e+02   1.2572834e+02 -8.0000e+01  0.0000e+00 -8.2474e-12 -3.1416e+00  0.0000e+00  0.0000e+00
  182 marcout      1.2566371e+02   1.2572834e+02 -8.0000e+01  0.0000e+00 -8.2474e-12 -3.1416e+00  0.0000e+00  0.0000e+00
  183 marcin       1.2566371e+02   1.2572834e+02 -8.0000e+01  0.0000e+00 -8.2474e-12 -3.1416e+00  0.0000e+00  0.0000e+00
  184 mcellin      1.2566371e+02   1.2572834e+02 -8.0000e+01  0.0000e+00 -8.2474e-12 -3.1416e+00  0.0000e+00  0.0000e+00
  185 dh           1.2566371e+02   1.2572834e+02 -8.0000e+01  0.0000e+00 -8.2474e-12 -3.1416e+00  0.0000e+00  0.0000e+00
  186 q            1.2566371e+02   1.2572834e+02 -8.0000e+01  0.0000e+00 -1.0825e-10 -3.1416e+00  0.0000e+00  0.0000e+00
  187 bh           1.2566371e+02   1.2572834e+02 -8.0000e+01  0.0000e+00 -2.0825e-10 -3.1416e+00  0.0000e+00  0.0000e+00
  188 mcellcenter   1.2880530e+02   1.2887155e+02 -7.9877e+01  0.0000e+00 -3.1384e+00 -3.2201e+00  0.0000e+00  0.0000e+00
  189 bh           1.2880530e+02   1.2887155e+02 -7.9877e+01  0.0000e+00 -3.1384e+00 -3.2201e+00  0.0000e+00  0.0000e+00
  190 q            1.3194689e+02   1.3201476e+02 -7.9508e+01  0.0000e+00 -6.2574e+00 -3.2987e+00  0.0000e+00  0.0000e+00
  191 dh           1.3194689e+02   1.3201476e+02 -7.9508e+01  0.0000e+00 -6.2574e+00 -3.2987e+00  0.0000e+00  0.0000e+00
  192 mcellout     1.3194689e+02   1.3201476e+02 -7.9508e+01  0.0000e+00 -6.2574e+00 -3.2987e+00  0.0000e+00  0.0000e+00
  193 mcellin      1.3194689e+02   1.3201476e+02 -7.9508e+01  0.0000e+00 -6.2574e+00 -3.2987e+00  0.0000e+00  0.0000e+00
  194 dh           1.3194689e+02   1.3201476e+02 -7.9508e+01  0.0000e+00 -6.2574e+00 -3.2987e+00  0.0000e+00  0.0000e+00
  195 q            1.3194689e+02   1.3201476e+02 -7.9508e+01  0.0000e+00 -6.2574e+00 -3.2987e+00  0.0000e+00  0.0000e+00
  196 bh           1.3194689e+02   1.3201476e+02 -7.9508e+01  0.0000e+00 -6.2574e+00 -3.2987e+00  0.0000e+00  0.0000e+00
  197 mcellcenter   1.3508848e+02   1.3515797e+02 -7.8895e+01  0.0000e+00 -9.3378e+00 -3.3772e+00  0.0000e+00  0.0000e+00
  198 bh           1.3508848e+02   1.3515797e+02 -7.8895e+01  0.0000e+00 -9.3378e+00 -3.3772e+00  0.0000e+00  0.0000e+00
  199 q            1.3823008e+02   1.3830118e+02 -7.8042e+01  0.0000e+00 -1.2361e+01 -3.4558e+00  0.0000e+00  0.0000e+00
  200 dh           1.3823008e+02   1.3830118e+02 -7.8042e+01  0.0000e+00 -1.2361e+01 -3.4558e+00  0.0000e+00  0.0000e+00
  201 mcellout     1.3823008e+02   1.3830118e+02 -7.8042e+01  0.0000e+00 -1.2361e+01 -3.4558e+00  0.0000e+00  0.0000e+00
  202 mcellin      1.3823008e+02   1.3830118e+02 -7.8042e+01  0.0000e+00 -1.2361e+01 -3.4558e+00  0.0000e+00  0.0000e+00
  203 dh           1.3823008e+02   1.3830118e+02 -7.8042e+01  0.0000e+00 -1.2361e+01 -3.4558e+00  0.0000e+00  0.0000e+00
  204 q            1.3823008e+02   1.3830118e+02 -7.8042e+01  0.0000e+00 -1.2361e+01 -3.4558e+00  0.0000e+00  0.0000e+00
  205 bh           1.3823008e+02   1.3830118e+02 -7.8042e+01  0.0000e+00 -1.2361e+01 -3.4558e+00  0.0000e+00  0.0000e+00
  206 mcellcenter   1.4137167e+02   1.4144439e+02 -7.6955e+01  0.0000e+00 -1.5307e+01 -3.5343e+00  0.0000e+00  0.0000e+00
  207 bh           1.4137167e+02   1.4144439e+02 -7.6955e+01  0.0000e+00 -1.5307e+01 -3.5343e+00  0.0000e+00  0.0000e+00
  208 q            1.4451326e+02   1.4458759e+02 -7.5640e+01  0.0000e+00 -1.8160e+01 -3.6128e+00  0.0000e+00  0.0000e+00
  209 dh           1.4451326e+02   1.4458759e+02 -7.5640e+01  0.0000e+00 -1.8160e+01 -3.6128e+00  0.0000e+00  0.0000e+00
  210 mcellout     1.4451326e+02   1.4458759e+02 -7.5640e+01  0.0000e+00 -1.8160e+01 -3.6128e+00  0.0000e+00  0.0000e+00
  211 mcellin      1.4451326e+02   1.4458759e+02 -7.5640e+01  0.0000e+00 -1.8160e+01 -3.6128e+00  0.0000e+00  0.0000e+00
  212 dh           1.4451326e+02   1.4458759e+02 -7.5640e+01  0.0000e+00 -1.8160e+01 -3.6128e+00  0.0000e+00  0.0000e+00
  213 q            1.4451326e+02   1.4458759e+02 -7.5640e+01  0.0000e+00 -1.8160e+01 -3.6128e+00  0.0000e+00  0.0000e+00
  214 bh           1.4451326e+02   1.4458759e+02 -7.5640e+01  0.0000e+00 -1.8160e+01 -3.6128e+00  0.0000e+00  0.0000e+00
  215 mcellcenter   1.4765485e+02   1.4773080e+02 -7.4106e+01  0.0000e+00 -2.0900e+01 -3.6914e+00  0.0000e+00  0.0000e+00
  216 bh           1.4765485e+02   1.4773080e+02 -7.4106e+01  0.0000e+00 -2.0900e+01 -3.6914e+00  0.0000e+00  0.0000e+00
  217 q            1.5079645e+02   1.5087401e+02 -7.2361e+01  0.0000e+00 -2.3511e+01 -3.7699e+00  0.0000e+00  0.0000e+00
  218 dh           1.5079645e+02   1.5087401e+02 -7.2361e+01  0.0000e+00 -2.3511e+01 -3.7699e+00  0.0000e+00  0.0000e+00
  219 mcellout     1.5079645e+02   1.5087401e+02 -7.2361e+01  0.0000e+00 -2.3511e+01 -3.7699e+00  0.0000e+00  0.0000e+00
  220 mcellin      1.5079645e+02   1.5087401e+02 -7.2361e+01  0.0000e+00 -2.3511e+01 -3.7699e+00  0.0000e+00  0.0000e+00
  221 dh           1.5079645e+02   1.5087401e+02 -7.2361e+01  0.0000e+00 -2.3511e+01 -3.7699e+00  0.0000e+00  0.0000e+00
  222 q            1.5079645e+02   1.5087401e+02 -7.2361e+01  0.0000e+00 -2.3511e+01 -3.7699e+00  0.0000e+00  0.0000e+00
  223 bh           1.5079645e+02   1.5087401e+02 -7.2361e+01  0.0000e+00 -2.3511e+01 -3.7699e+00  0.0000e+00  0.0000e+00
  224 mcellcenter   1.5393804e+02   1.5401722e+02 -7.0416e+01  0.0000e+00 -2.5978e+01 -3.8485e+00  0.0000e+00  0.0000e+00
  225 bh           1.5393804e+02   1.5401722e+02 -7.0416e+01  0.0000e+00 -2.5978e+01 -3.8485e+00  0.0000e+00  0.0000e+00
  226 q            1.5707963e+02   1.5716043e+02 -6.8284e+01  0.0000e+00 -2.8284e+01 -3.9270e+00  0.0000e+00  0.0000e+00
  227 dh           1.5707963e+02   1.5716043e+02 -6.8284e+01  0.0000e+00 -2.8284e+01 -3.9270e+00  0.0000e+00  0.0000e+00
  228 mcellout     1.5707963e+02   1.5716043e+02 -6.8284e+01  0.0000e+00 -2.8284e+01 -3.9270e+00  0.0000e+00  0.0000e+00
  229 mcellin      1.5707963e+02   1.5716043e+02 -6.8284e+01  0.0000e+00 -2.8284e+01 -3.9270e+00  0.0000e+00  0.0000e+00
  230 dh           1.5707963e+02   1.5716043e+02 -6.8284e+01  0.0000e+00 -2.8284e+01 -3.9270e+00  0.0000e+00  0.0000e+00
  231 q            1.5707963e+02   1.5716043e+02 -6.8284e+01  0.0000e+00 -2.8284e+01 -3.9270e+00  0.0000e+00  0.0000e+00
  232 bh           1.5707963e+02   1.5716043e+02 -6.8284e+01  0.0000e+00 -2.8284e+01 -3.9270e+00  0.0000e+00  0.0000e+00
  233 mcellcenter   1.6022123e+02   1.6030364e+02 -6.5978e+01  0.0000e+00 -3.0416e+01 -4.0055e+00  0.0000e+00  0.0000e+00
  234 bh           1.6022123e+02   1.6030364e+02 -6.5978e+01  0.0000e+00 -3.0416e+01 -4.0055e+00  0.0000e+00  0.0000e+00
  235 q            1.6336282e+02   1.6344685e+02 -6.3511e+01  0.0000e+00 -3.2361e+01 -4.0841e+00  0.0000e+00  0.0000e+00
  236 dh           1.6336282e+02   1.6344685e+02 -6.3511e+01  0.0000e+00 -3.2361e+01 -4.0841e+00  0.0000e+00  0.0000e+00
  237 mcellout     1.6336282e+02   1.6344685e+02 -6.3511e+01  0.0000e+00 -3.2361e+01 -4.0841e+00  0.0000e+00  0.0000e+00
  238 mcellin      1.6336282e+02   1.6344685e+02 -6.3511e+01  0.0000e+00 -3.2361e+01 -4.0841e+00  0.0000e+00  0.0000e+00
  239 dh           1.6336282e+02   1.6344685e+02 -6.3511e+01  0.0000e+00 -3.2361e+01 -4.0841e+00  0.0000e+00  0.0000e+00
  240 q            1.6336282e+02   1.6344685e+02 -6.3511e+01  0.0000e+00 -3.2361e+01 -4.0841e+00  0.0000e+00  0.0000e+00
  241 bh           1.6336282e+02   1.6344685e+02 -6.3511e+01  0.0000e+00 -3.2361e+01 -4.0841e+00  0.0000e+00  0.0000e+00
  242 mcellcenter   1.6650441e+02   1.6659005e+02 -6.0900e+01  0.0000e+00 -3.4106e+01 -4.1626e+00  0.0000e+00  0.0000e+00
  243 bh           1.6650441e+02   1.6659005e+02 -6.0900e+01  0.0000e+00 -3.4106e+01 -4.1626e+00  0.0000e+00  0.0000e+00
  244 q            1.6964600e+02   1.6973326e+02 -5.8160e+01  0.0000e+00 -3.5640e+01 -4.2412e+00  0.0000e+00  0.0000e+00
  245 dh           1.6964600e+02   1.6973326e+02 -5.8160e+01  0.0000e+00 -3.5640e+01 -4.2412e+00  0.0000e+00  0.0000e+00
  246 mcellout     1.6964600e+02   1.6973326e+02 -5.8160e+01  0.0000e+00 -3.5640e+01 -4.2412e+00  0.0000e+00  0.0000e+00
  247 mcellin      1.6964600e+02   1.6973326e+02 -5.8160e+01  0.0000e+00 -3.5640e+01 -4.2412e+00  0.0000e+00  0.0000e+00
  248 dh           1.6964600e+02   1.6973326e+02 -5.8160e+01  0.0000e+00 -3.5640e+01 -4.2412e+00  0.0000e+00  0.0000e+00
  249 q            1.6964600e+02   1.6973326e+02 -5.8160e+01  0.0000e+00 -3.5640e+01 -4.2412e+00  0.0000e+00  0.0000e+00
  250 bh           1.6964600e+02   1.6973326e+02 -5.8160e+01  0.0000e+00 -3.5640e+01 -4.2412e+00  0.0000e+00  0.0000e+00
  251 mcellcenter   1.7278760e+02   1.7287647e+02 -5.5307e+01  0.0000e+00 -3.6955e+01 -4.3197e+00  0.0000e+00  0.0000e+00
  252 bh           1.7278760e+02   1.7287647e+02 -5.5307e+01  0.0000e+00 -3.6955e+01 -4.3197e+00  0.0000e+00  0.0000e+00
  253 q            1.7592919e+02   1.7601968e+02 -5.2361e+01  0.0000e+00 -3.8042e+01 -4.3982e+00  0.0000e+00  0.0000e+00
  254 dh           1.7592919e+02   1.7601968e+02 -5.2361e+01  0.0000e+00 -3.8042e+01 -4.3982e+00  0.0000e+00  0.0000e+00
  255 mcellout     1.7592919e+02   1.7601968e+02 -5.2361e+01  0.0000e+00 -3.8042e+01 -4.3982e+00  0.0000e+00  0.0000e+00
  256 mcellin      1.7592919e+02   1.7601968e+02 -5.2361e+01  0.0000e+00 -3.8042e+01 -4.3982e+00  0.0000e+00  0.0000e+00
  257 dh           1.7592919e+02   1.7601968e+02 -5.2361e+01  0.0000e+00 -3.8042e+01 -4.3982e+00  0.0000e+00  0.0000e+00
  258 q            1.7592919e+02   1.7601968e+02 -5.2361e+01  0.0000e+00 -3.8042e+01 -4.3982e+00  0.0000e+00  0.0000e+00
  259 bh           1.7592919e+02   1.7601968e+02 -5.2361e+01  0.0000e+00 -3.8042e+01 -4.3982e+00  0.0000e+00  0.0000e+00
  260 mcellcenter   1.7907078e+02   1.7916289e+02 -4.9338e+01  0.0000e+00 -3.8895e+01 -4.4768e+00  0.0000e+00  0.0000e+00
  261 bh           1.7907078e+02   1.7916289e+02 -4.9338e+01  0.0000e+00 -3.8895e+01 -4.4768e+00  0.0000e+00  0.0000e+00
  262 q            1.8221237e+02   1.8230610e+02 -4.6257e+01  0.0000e+00 -3.9508e+01 -4.5553e+00  0.0000e+00  0.0000e+00
  263 dh           1.8221237e+02   1.8230610e+02 -4.6257e+01  0.0000e+00 -3.9508e+01 -4.5553e+00  0.0000e+00  0.0000e+00
  264 mcellout     1.8221237e+02   1.8230610e+02 -4.6257e+01  0.0000e+00 -3.9508e+01 -4.5553e+00  0.0000e+00  0.0000e+00
  265 mcellin      1.8221237e+02   1.8230610e+02 -4.6257e+01  0.0000e+00 -3.9508e+01 -4.5553e+00  0.0000e+00  0.0000e+00
  266 dh           1.8221237e+02   1.8230610e+02 -4.6257e+01  0.0000e+00 -3.9508e+01 -4.5553e+00  0.0000e+00  0.0000e+00
  267 q            1.8221237e+02   1.8230610e+02 -4.6257e+01  0.0000e+00 -3.9508e+01 -4.5553e+00  0.0000e+00  0.0000e+00
  268 bh           1.8221237e+02   1.8230610e+02 -4.6257e+01  0.0000e+00 -3.9508e+01 -4.5553e+00  0.0000e+00  0.0000e+00
  269 mcellcenter   1.8535397e+02   1.8544931e+02 -4.3138e+01  0.0000e+00 -3.9877e+01 -4.6338e+00  0.0000e+00  0.0000e+00
  270 bh           1.8535397e+02   1.8544931e+02 -4.3138e+01  0.0000e+00 -3.9877e+01 -4.6338e+00  0.0000e+00  0.0000e+00
  271 q            1.8849556e+02   1.8859251e+02 -4.0000e+01  0.0000e+00 -4.0000e+01 -4.7124e+00  0.0000e+00  0.0000e+00
  272 dh           1.8849556e+02   1.8859251e+02 -4.0000e+01  0.0000e+00 -4.0000e+01 -4.7124e+00  0.0000e+00  0.0000e+00
  273 mcellout     1.8849556e+02   1.8859251e+02 -4.0000e+01  0.0000e+00 -4.0000e+01 -4.7124e+00  0.0000e+00  0.0000e+00
  274 mcellin      1.8849556e+02   1.8859251e+02 -4.0000e+01  0.0000e+00 -4.0000e+01 -4.7124e+00  0.0000e+00  0.0000e+00
  275 dh           1.8849556e+02   1.8859251e+02 -4.0000e+01  0.0000e+00 -4.0000e+01 -4.7124e+00  0.0000e+00  0.0000e+00
  276 q            1.8849556e+02   1.8859251e+02 -4.0000e+01  0.0000e+00 -4.0000e+01 -4.7124e+00  0.0000e+00  0.0000e+00
  277 bh           1.8849556e+02   1.8859251e+02 -4.0000e+01  0.0000e+00 -4.0000e+01 -4.7124e+00  0.0000e+00  0.0000e+00
  278 mcellcenter   1.9163715e+02   1.9173572e+02 -3.6862e+01  0.0000e+00 -3.9877e+01 -4.7909e+00  0.0000e+00  0.0000e+00
  279 bh           1.9163715e+02   1.9173572e+02 -3.6862e+01  0.0000e+00 -3.9877e+01 -4.7909e+00  0.0000e+00  0.0000e+00
  280 q            1.9477874e+02   1.9487893e+02 -3.3743e+01  0.0000e+00 -3.9508e+01 -4.8695e+00  0.0000e+00  0.0000e+00
  281 dh           1.9477874e+02   1.9487893e+02 -3.3743e+01  0.0000e+00 -3.9508e+01 -4.8695e+00  0.0000e+00  0.0000e+00
  282 mcellout     1.9477874e+02   1.9487893e+02 -3.3743e+01  0.0000e+00 -3.9508e+01 -4.8695e+00  0.0000e+00  0.0000e+00
  283 mcellin      1.9477874e+02   1.9487893e+02 -3.3743e+01  0.0000e+00 -3.9508e+01 -4.8695e+00  0.0000e+00  0.0000e+00
  284 dh           1.9477874e+02   1.9487893e+02 -3.3743e+01  0.0000e+00 -3.9508e+01 -4.8695e+00  0.0000e+00  0.0000e+00
  285 q            1.9477874e+02   1.9487893e+02 -3.3743e+01  0.0000e+00 -3.9508e+01 -4.8695e+00  0.0000e+00  0.0000e+00
  286 bh           1.9477874e+02   1.9487893e+02 -3.3743e+01  0.0000e+00 -3.9508e+01 -4.8695e+00  0.0000e+00  0.0000e+00
  287 mcellcenter   1.9792034e+02   1.9802214e+02 -3.0662e+01  0.0000e+00 -3.8895e+01 -4.9480e+00  0.0000e+00  0.0000e+00
  288 bh           1.9792034e+02   1.9802214e+02 -3.0662e+01  0.0000e+00 -3.8895e+01 -4.9480e+00  0.0000e+00  0.0000e+00
  289 q            2.0106193e+02   2.0116535e+02 -2.7639e+01  0.0000e+00 -3.8042e+01 -5.0265e+00  0.0000e+00  0.0000e+00
  290 dh           2.0106193e+02   2.0116535e+02 -2.7639e+01  0.0000e+00 -3.8042e+01 -5.0265e+00  0.0000e+00  0.0000e+00
  291 mcellout     2.0106193e+02   2.0116535e+02 -2.7639e+01  0.0000e+00 -3.8042e+01 -5.0265e+00  0.0000e+00  0.0000e+00
  292 mcellin      2.0106193e+02   2.0116535e+02 -2.7639e+01  0.0000e+00 -3.8042e+01 -5.0265e+00  0.0000e+00  0.0000e+00
  293 dh           2.0106193e+02   2.0116535e+02 -2.7639e+01  0.0000e+00 -3.8042e+01 -5.0265e+00  0.0000e+00  0.0000e+00
  294 q            2.0106193e+02   2.0116535e+02 -2.7639e+01  0.0000e+00 -3.8042e+01 -5.0265e+00  0.0000e+00  0.0000e+00
  295 bh           2.0106193e+02   2.0116535e+02 -2.7639e+01  0.0000e+00 -3.8042e+01 -5.0265e+00  0.0000e+00  0.0000e+00
  296 mcellcenter   2.0420352e+02   2.0430856e+02 -2.4693e+01  0.0000e+00 -3.6955e+01 -5.1051e+00  0.0000e+00  0.0000e+00
  297 bh           2.0420352e+02   2.0430856e+02 -2.4693e+01  0.0000e+00 -3.6955e+01 -5.1051e+00  0.0000e+00  0.0000e+00
  298 q            2.0734512e+02   2.0745177e+02 -2.1840e+01  0.0000e+00 -3.5640e+01 -5.1836e+00  0.0000e+00  0.0000e+00
  299 dh           2.0734512e+02   2.0745177e+02 -2.1840e+01  0.0000e+00 -3.5640e+01 -5.1836e+00  0.0000e+00  0.0000e+00
  300 mcellout     2.0734512e+02   2.0745177e+02 -2.1840e+01  0.0000e+00 -3.5640e+01 -5.1836e+00  0.0000e+00  0.0000e+00
  301 mcellin      2.0734512e+02   2.0745177e+02 -2.1840e+01  0.0000e+00 -3.5640e+01 -5.1836e+00  0.0000e+00  0.0000e+00
  302 dh           2.0734512e+02   2.0745177e+02 -2.1840e+01  0.0000e+00 -3.5640e+01 -5.1836e+00  0.0000e+00  0.0000e+00
  303 q            2.0734512e+02   2.0745177e+02 -2.1840e+01  0.0000e+00 -3.5640e+01 -5.1836e+00  0.0000e+00  0.0000e+00
  304 bh           2.0734512e+02   2.0745177e+02 -2.1840e+01  0.0000e+00 -3.5640e+01 -5.1836e+00  0.0000e+00  0.0000e+00
  305 mcellcenter   2.1048671e+02   2.1059497e+02 -1.9100e+01  0.0000e+00 -3.4106e+01 -5.2622e+00  0.0000e+00  0.0000e+00
  306 bh           2.1048671e+02   2.1059497e+02 -1.9100e+01  0.0000e+00 -3.4106e+01 -5.2622e+00  0.0000e+00  0.0000e+00
  307 q            2.1362830e+02   2.1373818e+02 -1.6489e+01  0.0000e+00 -3.2361e+01 -5.3407e+00  0.0000e+00  0.0000e+00
  308 dh           2.1362830e+02   2.1373818e+02 -1.6489e+01  0.0000e+00 -3.2361e+01 -5.3407e+00  0.0000e+00  0.0000e+00
  309 mcellout     2.1362830e+02   2.1373818e+02 -1.6489e+01  0.0000e+00 -3.2361e+01 -5.3407e+00  0.0000e+00  0.0000e+00
  310 mcellin      2.1362830e+02   2.1373818e+02 -1.6489e+01  0.0000e+00 -3.2361e+01 -5.3407e+00  0.0000e+00  0.0000e+00
  311 dh           2.1362830e+02   2.1373818e+02 -1.6489e+01  0.0000e+00 -3.2361e+01 -5.3407e+00  0.0000e+00  0.0000e+00
  312 q            2.1362830e+02   2.1373818e+02 -1.6489e+01  0.0000e+00 -3.2361e+01 -5.3407e+00  0.0000e+00  0.0000e+00
  313 bh           2.1362830e+02   2.1373818e+02 -1.6489e+01  0.0000e+00 -3.2361e+01 -5.3407e+00  0.0000e+00  0.0000e+00
  314 mcellcenter   2.1676989e+02   2.1688139e+02 -1.4022e+01  0.0000e+00 -3.0416e+01 -5.4192e+00  0.0000e+00  0.0000e+00
  315 bh           2.1676989e+02   2.1688139e+02 -1.4022e+01  0.0000e+00 -3.0416e+01 -5.4192e+00  0.0000e+00  0.0000e+00
  316 q            2.1991149e+02   2.2002460e+02 -1.1716e+01  0.0000e+00 -2.8284e+01 -5.4978e+00  0.0000e+00  0.0000e+00
  317 dh           2.1991149e+02   2.2002460e+02 -1.1716e+01  0.0000e+00 -2.8284e+01 -5.4978e+00  0.0000e+00  0.0000e+00
  318 mcellout     2.1991149e+02   2.2002460e+02 -1.1716e+01  0.0000e+00 -2.8284e+01 -5.4978e+00  0.0000e+00  0.0000e+00
  319 mcellin      2.1991149e+02   2.2002460e+02 -1.1716e+01  0.0000e+00 -2.8284e+01 -5.4978e+00  0.0000e+00  0.0000e+00
  320 dh           2.1991149e+02   2.2002460e+02 -1.1716e+01  0.0000e+00 -2.8284e+01 -5.4978e+00  0.0000e+00  0.0000e+00
  321 q            2.1991149e+02   2.2002460e+02 -1.1716e+01  0.0000e+00 -2.8284e+01 -5.4978e+00  0.0000e+00  0.0000e+00
  322 bh           2.1991149e+02   2.2002460e+02 -1.1716e+01  0.0000e+00 -2.8284e+01 -5.4978e+00  0.0000e+00  0.0000e+00
  323 mcellcenter   2.2305308e+02   2.2316781e+02 -9.5838e+00  0.0000e+00 -2.5978e+01 -5.5763e+00  0.0000e+00  0.0000e+00
  324 bh           2.2305308e+02   2.2316781e+02 -9.5838e+00  0.0000e+00 -2.5978e+01 -5.5763e+00  0.0000e+00  0.0000e+00
  325 q            2.2619467e+02   2.2631102e+02 -7.6393e+00  0.0000e+00 -2.3511e+01 -5.6549e+00  0.0000e+00  0.0000e+00
  326 dh           2.2619467e+02   2.2631102e+02 -7.6393e+00  0.0000e+00 -2.3511e+01 -5.6549e+00  0.0000e+00  0.0000e+00
  327 mcellout     2.2619467e+02   2.2631102e+02 -7.6393e+00  0.0000e+00 -2.3511e+01 -5.6549e+00  0.0000e+00  0.0000e+00
  328 mcellin      2.2619467e+02   2.2631102e+02 -7.6393e+00  0.0000e+00 -2.3511e+01 -5.6549e+00  0.0000e+00  0.0000e+00
  329 dh           2.2619467e+02   2.2631102e+02 -7.6393e+00  0.0000e+00 -2.3511e+01 -5.6549e+00  0.0000e+00  0.0000e+00
  330 q            2.2619467e+02   2.2631102e+02 -7.6393e+00  0.0000e+00 -2.3511e+01 -5.6549e+00  0.0000e+00  0.0000e+00
  331 bh           2.2619467e+02   2.2631102e+02 -7.6393e+00  0.0000e+00 -2.3511e+01 -5.6549e+00  0.0000e+00  0.0000e+00
  332 mcellcenter   2.2933626e+02   2.2945422e+02 -5.8944e+00  0.0000e+00 -2.0900e+01 -5.7334e+00  0.0000e+00  0.0000e+00
  333 bh           2.2933626e+02   2.2945422e+02 -5.8944e+00  0.0000e+00 -2.0900e+01 -5.7334e+00  0.0000e+00  0.0000e+00
  334 q            2.3247786e+02   2.3259743e+02 -4.3597e+00  0.0000e+00 -1.8160e+01 -5.8119e+00  0.0000e+00  0.0000e+00
  335 dh           2.3247786e+02   2.3259743e+02 -4.3597e+00  0.0000e+00 -1.8160e+01 -5.8119e+00  0.0000e+00  0.0000e+00
  336 mcellout     2.3247786e+02   2.3259743e+02 -4.3597e+00  0.0000e+00 -1.8160e+01 -5.8119e+00  0.0000e+00  0.0000e+00
  337 mcellin      2.3247786e+02   2.3259743e+02 -4.3597e+00  0.0000e+00 -1.8160e+01 -5.8119e+00  0.0000e+00  0.0000e+00
  338 dh           2.3247786e+02   2.3259743e+02 -4.3597e+00  0.0000e+00 -1.8160e+01 -5.8119e+00  0.0000e+00  0.0000e+00
  339 q            2.3247786e+02   2.3259743e+02 -4.3597e+00  0.0000e+00 -1.8160e+01 -5.8119e+00  0.0000e+00  0.0000e+00
  340 bh           2.3247786e+02   2.3259743e+02 -4.3597e+00  0.0000e+00 -1.8160e+01 -5.8119e+00  0.0000e+00  0.0000e+00
  341 mcellcenter   2.3561945e+02   2.3574064e+02 -3.0448e+00  0.0000e+00 -1.5307e+01 -5.8905e+00  0.0000e+00  0.0000e+00
  342 bh           2.3561945e+02   2.3574064e+02 -3.0448e+00  0.0000e+00 -1.5307e+01 -5.8905e+00  0.0000e+00  0.0000e+00
  343 q            2.3876104e+02   2.3888385e+02 -1.9577e+00  0.0000e+00 -1.2361e+01 -5.9690e+00  0.0000e+00  0.0000e+00
  344 dh           2.3876104e+02   2.3888385e+02 -1.9577e+00  0.0000e+00 -1.2361e+01 -5.9690e+00  0.0000e+00  0.0000e+00
  345 mcellout     2.3876104e+02   2.3888385e+02 -1.9577e+00  0.0000e+00 -1.2361e+01 -5.9690e+00  0.0000e+00  0.0000e+00
  346 mcellin      2.3876104e+02   2.3888385e+02 -1.9577e+00  0.0000e+00 -1.2361e+01 -5.9690e+00  0.0000e+00  0.0000e+00
  347 dh           2.3876104e+02   2.3888385e+02 -1.9577e+00  0.0000e+00 -1.2361e+01 -5.9690e+00  0.0000e+00  0.0000e+00
  348 q            2.3876104e+02   2.3888385e+02 -1.9577e+00  0.0000e+00 -1.2361e+01 -5.9690e+00  0.0000e+00  0.0000e+00
  349 bh           2.3876104e+02   2.3888385e+02 -1.9577e+00  0.0000e+00 -1.2361e+01 -5.9690e+00  0.0000e+00  0.0000e+00
  350 mcellcenter   2.4190263e+02   2.4202706e+02 -1.1052e+00  0.0000e+00 -9.3378e+00 -6.0476e+00  0.0000e+00  0.0000e+00
  351 bh           2.4190263e+02   2.4202706e+02 -1.1052e+00  0.0000e+00 -9.3378e+00 -6.0476e+00  0.0000e+00  0.0000e+00
  352 q            2.4504423e+02   2.4517027e+02 -4.9247e-01  0.0000e+00 -6.2574e+00 -6.1261e+00  0.0000e+00  0.0000e+00
  353 dh           2.4504423e+02   2.4517027e+02 -4.9247e-01  0.0000e+00 -6.2574e+00 -6.1261e+00  0.0000e+00  0.0000e+00
  354 mcellout     2.4504423e+02   2.4517027e+02 -4.9247e-01  0.0000e+00 -6.2574e+00 -6.1261e+00  0.0000e+00  0.0000e+00
  355 mcellin      2.4504423e+02   2.4517027e+02 -4.9247e-01  0.0000e+00 -6.2574e+00 -6.1261e+00  0.0000e+00  0.0000e+00
  356 dh           2.4504423e+02   2.4517027e+02 -4.9247e-01  0.0000e+00 -6.2574e+00 -6.1261e+00  0.0000e+00  0.0000e+00
  357 q            2.4504423e+02   2.4517027e+02 -4.9247e-01  0.0000e+00 -6.2574e+00 -6.1261e+00  0.0000e+00  0.0000e+00
  358 bh           2.4504423e+02   2.4517027e+02 -4.9247e-01  0.0000e+00 -6.2574e+00 -6.1261e+00  0.0000e+00  0.0000e+00
  359 mcellcenter   2.4818582e+02   2.4831348e+02 -1.2331e-01  0.0000e+00 -3.1384e+00 -6.2046e+00  0.0000e+00  0.0000e+00
  360 bh           2.4818582e+02   2.4831348e+02 -1.2331e-01  0.0000e+00 -3.1384e+00 -6.2046e+00  0.0000e+00  0.0000e+00
  361 q            2.5132741e+02   2.5145668e+02 -1.3674e-13  0.0000e+00 -1.8343e-10 -6.2832e+00  0.0000e+00  0.0000e+00
  362 dh           2.5132741e+02   2.5145668e+02 -1.3674e-13  0.0000e+00 -8.3429e-11 -6.2832e+00  0.0000e+00  0.0000e+00
  363 mcellout     2.5132741e+02   2.5145668e+02 -1.3674e-13  0.0000e+00  1.6571e-11 -6.2832e+00  0.0000e+00  0.0000e+00
  364 marcout      2.5132741e+02   2.5145668e+02 -1.3674e-13  0.0000e+00  1.6571e-11 -6.2832e+00  0.0000e+00  0.0000e+00
  365 mend         2.5132741e+02   2.5145668e+02 -1.3674e-13  0.0000e+00  1.6571e-11 -6.2832e+00  0.0000e+00  0.0000e+00
    0 End          2.5132741e+02   2.5145668e+02 -1.3674e-13  0.0000e+00  1.6571e-11 -6.2832e+00  0.0000e+00  0.0000e+00
