ZMap : order = 3 dimension = 4

    1  4.981400e+04  5.322800e+04  5.664200e+04  6.005600e+04   0  0  0  0
    2  1.781480e+05  1.901880e+05  2.022280e+05  2.142680e+05   1  0  0  0
    3  2.091760e+05  2.234240e+05  2.376720e+05  2.519200e+05   0  1  0  0
    4  2.402040e+05  2.566600e+05  2.731160e+05  2.895720e+05   0  0  1  0
    5  2.712320e+05  2.898960e+05  3.085600e+05  3.272240e+05   0  0  0  1
    6  5.149360e+05  5.500080e+05  5.850800e+05  6.201520e+05   2  0  0  0
    7  8.331660e+05  8.898860e+05  9.466060e+05  1.003326e+06   1  1  0  0
    8  9.387200e+05  1.002888e+06  1.067056e+06  1.131224e+06   1  0  1  0
    9  1.044274e+06  1.115890e+06  1.187506e+06  1.259122e+06   1  0  0  1
   10  7.202910e+05  7.699350e+05  8.195790e+05  8.692230e+05   0  2  0  0
   11  1.133198e+06  1.211230e+06  1.289262e+06  1.367294e+06   0  1  1  0
   12  1.252186e+06  1.338666e+06  1.425146e+06  1.511626e+06   0  1  0  1
   13  9.080520e+05  9.710600e+05  1.034068e+06  1.097076e+06   0  0  2  0
   14  1.429070e+06  1.528206e+06  1.627342e+06  1.726478e+06   0  0  1  1
   15  1.078219e+06  1.153383e+06  1.228547e+06  1.303711e+06   0  0  0  2
   16  1.420756e+06  1.518668e+06  1.616580e+06  1.714492e+06   3  0  0  0
   17  2.592380e+06  2.770660e+06  2.948940e+06  3.127220e+06   2  1  0  0
   18  2.871028e+06  3.069116e+06  3.267204e+06  3.465292e+06   2  0  1  0
   19  3.149676e+06  3.367572e+06  3.585468e+06  3.803364e+06   2  0  0  1
   20  3.049976e+06  3.260560e+06  3.471144e+06  3.681728e+06   1  2  0  0
   21  4.782898e+06  5.113330e+06  5.443762e+06  5.774194e+06   1  1  1  0
   22  5.224056e+06  5.585856e+06  5.947656e+06  6.309456e+06   1  1  0  1
   23  3.723818e+06  3.982266e+06  4.240714e+06  4.499162e+06   1  0  2  0
   24  5.857072e+06  6.264088e+06  6.671104e+06  7.078120e+06   1  0  1  1
   25  4.335258e+06  4.637322e+06  4.939386e+06  5.241450e+06   1  0  0  2
   26  2.264622e+06  2.422574e+06  2.580526e+06  2.738478e+06   0  3  0  0
   27  4.108300e+06  4.394660e+06  4.681020e+06  4.967380e+06   0  2  1  0
   28  4.471932e+06  4.784420e+06  5.096908e+06  5.409396e+06   0  2  0  1
   29  4.519988e+06  4.835644e+06  5.151300e+06  5.466956e+06   0  1  2  0
   30  7.117084e+06  7.614708e+06  8.112332e+06  8.609956e+06   0  1  1  1
   31  5.222532e+06  5.588604e+06  5.954676e+06  6.320748e+06   0  1  0  2
   32  3.009798e+06  3.221158e+06  3.432518e+06  3.643878e+06   0  0  3  0
   33  5.559922e+06  5.950610e+06  6.341298e+06  6.731986e+06   0  0  2  1
   34  5.901894e+06  6.317110e+06  6.732326e+06  7.147542e+06   0  0  1  2
   35  3.650070e+06  3.907654e+06  4.165238e+06  4.422822e+06   0  0  0  3
