ZLIB::VTps : size = 6 (dimension = 6  order = 2 )

    0  4.4920558798726e-15 -3.8857306816359e-16  0.0000000000000e+00  0.0000000000000e+00 -7.7796168072721e-14  0.0000000000000e+00   0  0  0  0  0  0
    1  8.8155158150101e-01 -9.7596500272171e-03  0.0000000000000e+00  0.0000000000000e+00 -4.3581424450266e-01  0.0000000000000e+00   1  0  0  0  0  0
    2  2.2835532886159e+01  8.8155158150004e-01  0.0000000000000e+00  0.0000000000000e+00 -5.2892785988366e+00  0.0000000000000e+00   0  1  0  0  0  0
    3  0.0000000000000e+00  0.0000000000000e+00  9.9779893362540e-01 -1.5454906780461e-05  0.0000000000000e+00  0.0000000000000e+00   0  0  1  0  0  0
    4  0.0000000000000e+00  0.0000000000000e+00  2.8452375148448e+02  9.9779893362540e-01  0.0000000000000e+00  0.0000000000000e+00   0  0  0  1  0  0
    5  0.0000000000000e+00  0.0000000000000e+00  0.0000000000000e+00  0.0000000000000e+00  1.0000000000000e+00  0.0000000000000e+00   0  0  0  0  1  0
    6  5.2892785987930e+00  4.3581424450265e-01  0.0000000000000e+00  0.0000000000000e+00 -2.2776599119512e+02  1.0000000000000e+00   0  0  0  0  0  1
    7 -1.9750906231930e-03 -9.6241015214506e-06  0.0000000000000e+00  0.0000000000000e+00 -4.1709717967515e-03  0.0000000000000e+00   2  0  0  0  0  0
    8  3.3286868167611e-01 -2.3360662169257e-04  0.0000000000000e+00  0.0000000000000e+00  8.3947110574238e-03  0.0000000000000e+00   1  1  0  0  0  0
    9  0.0000000000000e+00  0.0000000000000e+00 -5.0366400022509e-06  3.4376277447161e-08 -0.0000000000000e+00  0.0000000000000e+00   1  0  1  0  0  0
   10  0.0000000000000e+00  0.0000000000000e+00  3.8521795047892e-01  8.8724427652575e-06 -0.0000000000000e+00  0.0000000000000e+00   1  0  0  1  0  0
   11  0.0000000000000e+00  0.0000000000000e+00  0.0000000000000e+00  0.0000000000000e+00 -0.0000000000000e+00  0.0000000000000e+00   1  0  0  0  1  0
   12  3.6385562022415e-01  7.2719241407138e-03  0.0000000000000e+00  0.0000000000000e+00  7.5499783873865e-01  0.0000000000000e+00   1  0  0  0  0  1
   13  2.0199376534374e+00 -1.9182270255152e-01  0.0000000000000e+00  0.0000000000000e+00 -1.9019944211023e+01  0.0000000000000e+00   0  2  0  0  0  0
   14  0.0000000000000e+00  0.0000000000000e+00  1.3640865939339e-03  4.1718311763920e-07 -0.0000000000000e+00  0.0000000000000e+00   0  1  1  0  0  0
   15  0.0000000000000e+00  0.0000000000000e+00  4.6752153704152e+00 -1.3175406552751e-03 -0.0000000000000e+00  0.0000000000000e+00   0  1  0  1  0  0
   16  0.0000000000000e+00  0.0000000000000e+00  0.0000000000000e+00  0.0000000000000e+00 -0.0000000000000e+00  0.0000000000000e+00   0  1  0  0  1  0
   17 -3.3725821488461e+01  1.9789310538742e-01  0.0000000000000e+00  0.0000000000000e+00  9.1630645557589e+00  0.0000000000000e+00   0  1  0  0  0  1
   18  1.9797578176209e-07  1.7218744839439e-08  0.0000000000000e+00  0.0000000000000e+00 -1.6472987371837e-05  0.0000000000000e+00   0  0  2  0  0  0
   19  1.4333395523460e-03  9.2737516525256e-07  0.0000000000000e+00  0.0000000000000e+00 -4.6079820648405e-03  0.0000000000000e+00   0  0  1  1  0  0
   20  0.0000000000000e+00  0.0000000000000e+00  0.0000000000000e+00  0.0000000000000e+00 -0.0000000000000e+00  0.0000000000000e+00   0  0  1  0  1  0
   21  0.0000000000000e+00  0.0000000000000e+00  5.3972013004659e-03  3.2944663036370e-05 -0.0000000000000e+00  0.0000000000000e+00   0  0  1  0  0  1
   22 -2.1384040323450e+00 -1.9290163882230e-01  0.0000000000000e+00  0.0000000000000e+00 -2.5860820371973e+01  0.0000000000000e+00   0  0  0  2  0  0
   23  0.0000000000000e+00  0.0000000000000e+00  0.0000000000000e+00  0.0000000000000e+00 -0.0000000000000e+00  0.0000000000000e+00   0  0  0  1  1  0
   24  0.0000000000000e+00  0.0000000000000e+00 -5.0296717242615e+01  4.7760609197751e-03 -0.0000000000000e+00  0.0000000000000e+00   0  0  0  1  0  1
   25  0.0000000000000e+00  0.0000000000000e+00  0.0000000000000e+00  0.0000000000000e+00 -0.0000000000000e+00  0.0000000000000e+00   0  0  0  0  2  0
   26  0.0000000000000e+00  0.0000000000000e+00  0.0000000000000e+00  0.0000000000000e+00 -0.0000000000000e+00  0.0000000000000e+00   0  0  0  0  1  1
   27 -1.2892895541157e+01 -3.5360822026166e-01  0.0000000000000e+00  0.0000000000000e+00 -3.9909280244997e+01  0.0000000000000e+00   0  0  0  0  0  2
