ZERO   +0.0000000000000E+00 +0.0000000000000E+00 +0.0000000000000E+00
ONE    +0.0000000000000E+00 +0.0000000000000E+00 +0.0000000000000E+00
TWO    +0.0000000000000E+00 +0.0000000000000E+00 +0.0000000000000E+00
THREE  +0.0000000000000E+00 +0.0000000000000E+00 +0.0000000000000E+00
FOUR   +0.0000000000000E+00 +0.0000000000000E+00 +0.0000000000000E+00
FIVE   +0.0000000000000E+00 +0.0000000000000E+00 +0.0000000000000E+00
SIX    +0.0000000000000E+00 +0.0000000000000E+00 +0.0000000000000E+00
SEVEN  +0.0000000000000E+00 +0.0000000000000E+00 +0.0000000000000E+00
EIGHT  +0.0000000000000E+00 +0.0000000000000E+00 +0.0000000000000E+00
NINE   +0.0000000000000E+00 +0.0000000000000E+00 +0.0000000000000E+00
TEN    +0.0000000000000E+00 +0.0000000000000E+00 +0.0000000000000E+00
ELEVEN +0.0000000000000E+00 +0.0000000000000E+00 +0.0000000000000E+00
TWELVE +0.0000000000000E+00 +0.0000000000000E+00 +0.0000000000000E+00
THIRTN +0.0000000000000E+00 +0.0000000000000E+00 +0.0000000000000E+00
FORTN  +0.0000000000000E+00 +0.0000000000000E+00 +0.0000000000000E+00
FIFTN  +0.0000000000000E+00 +0.0000000000000E+00 +0.0000000000000E+00
SIKTN  +0.0000000000000E+00 +0.0000000000000E+00 +0.0000000000000E+00
SEVNTN +0.0000000000000E+00 +0.0000000000000E+00 +0.0000000000000E+00
EGHTN  +0.0000000000000E+00 +0.0000000000000E+00 +0.0000000000000E+00
NNETN  +0.0000000000000E+00 +0.0000000000000E+00 +0.0000000000000E+00
TWENTY +0.0000000000000E+00 +0.0000000000000E+00 +0.0000000000000E+00