ZLIB::VTps : size = 6 (dimension = 6  order = 2 )

    0  4.4924360859663e-15 -3.8857787146973e-16  0.0000000000000e+00  0.0000000000000e+00 -7.7792629801476e-14  0.0000000000000e+00   0  0  0  0  0  0
    1  8.8148707399055e-01 -9.7656230036485e-03  0.0000000000000e+00  0.0000000000000e+00 -4.3605112989835e-01  0.0000000000000e+00   1  0  0  0  0  0
    2  2.2833211798687e+01  8.8148707398958e-01  0.0000000000000e+00  0.0000000000000e+00 -5.2917970799300e+00  0.0000000000000e+00   0  1  0  0  0  0
    3  0.0000000000000e+00  0.0000000000000e+00  9.9991743585140e-01 -5.7998345925168e-07  0.0000000000000e+00  0.0000000000000e+00   0  0  1  0  0  0
    4  0.0000000000000e+00  0.0000000000000e+00  2.8470032676533e+02  9.9991743585140e-01  0.0000000000000e+00  0.0000000000000e+00   0  0  0  1  0  0
    5  0.0000000000000e+00  0.0000000000000e+00  0.0000000000000e+00  0.0000000000000e+00  1.0000000000000e+00  0.0000000000000e+00   0  0  0  0  1  0
    6  5.2917970798864e+00  4.3605112989835e-01  0.0000000000000e+00  0.0000000000000e+00 -2.2773099984173e+02  1.0000000000000e+00   0  0  0  0  0  1
    7 -1.9976747379246e-03 -1.3625301905136e-05  0.0000000000000e+00  0.0000000000000e+00 -2.1248839892531e-03  0.0000000000000e+00   2  0  0  0  0  0
    8  3.2653923237967e-01 -3.2811477021575e-04  0.0000000000000e+00  0.0000000000000e+00  3.6046759724957e-02  0.0000000000000e+00   1  1  0  0  0  0
    9  0.0000000000000e+00  0.0000000000000e+00  1.8692369592736e-04  7.1886146885819e-06 -0.0000000000000e+00  0.0000000000000e+00   1  0  1  0  0  0
   10  0.0000000000000e+00  0.0000000000000e+00 -3.3833452993858e-01  1.8600424893533e-03 -0.0000000000000e+00  0.0000000000000e+00   1  0  0  1  0  0
   11  0.0000000000000e+00  0.0000000000000e+00  0.0000000000000e+00  0.0000000000000e+00 -0.0000000000000e+00  0.0000000000000e+00   1  0  0  0  1  0
   12  2.9234098503020e-01  3.3952263239116e-03  0.0000000000000e+00  0.0000000000000e+00  3.9749942756816e-01  0.0000000000000e+00   1  0  0  0  0  1
   13  1.9823110444139e+00 -1.8948039118426e-01  0.0000000000000e+00  0.0000000000000e+00 -1.6621781557766e+01  0.0000000000000e+00   0  2  0  0  0  0
   14  0.0000000000000e+00  0.0000000000000e+00  1.7749755272658e-01  8.5294181617573e-05 -0.0000000000000e+00  0.0000000000000e+00   0  1  1  0  0  0
   15  0.0000000000000e+00  0.0000000000000e+00 -4.0379712699830e+00 -1.5320992410495e-01 -0.0000000000000e+00  0.0000000000000e+00   0  1  0  1  0  0
   16  0.0000000000000e+00  0.0000000000000e+00  0.0000000000000e+00  0.0000000000000e+00 -0.0000000000000e+00  0.0000000000000e+00   0  1  0  0  1  0
   17 -3.0126035894124e+01  1.2935939137148e-01  0.0000000000000e+00  0.0000000000000e+00  4.8491239645351e+00  0.0000000000000e+00   0  1  0  0  0  1
   18  4.4428914464857e-05  3.5850653444748e-06  0.0000000000000e+00  0.0000000000000e+00 -3.4118514018242e-03  0.0000000000000e+00   0  0  2  0  0  0
   19  1.7750623863755e-01  1.4320536794294e-04  0.0000000000000e+00  0.0000000000000e+00 -1.0092576152443e+00  0.0000000000000e+00   0  0  1  1  0  0
   20  0.0000000000000e+00  0.0000000000000e+00  0.0000000000000e+00  0.0000000000000e+00 -0.0000000000000e+00  0.0000000000000e+00   0  0  1  0  1  0
   21  0.0000000000000e+00  0.0000000000000e+00  1.0099449773520e+00  6.8228766972094e-03 -0.0000000000000e+00  0.0000000000000e+00   0  0  1  0  0  1
   22  2.7353222717673e+01  1.8923634163509e-01  0.0000000000000e+00  0.0000000000000e+00 -1.0672329791365e+02  0.0000000000000e+00   0  0  0  2  0  0
   23  0.0000000000000e+00  0.0000000000000e+00  0.0000000000000e+00  0.0000000000000e+00 -0.0000000000000e+00  0.0000000000000e+00   0  0  0  1  1  0
   24  0.0000000000000e+00  0.0000000000000e+00  7.3936635802395e+01  9.3264775431226e-01 -0.0000000000000e+00  0.0000000000000e+00   0  0  0  1  0  1
   25  0.0000000000000e+00  0.0000000000000e+00  0.0000000000000e+00  0.0000000000000e+00 -0.0000000000000e+00  0.0000000000000e+00   0  0  0  0  2  0
   26  0.0000000000000e+00  0.0000000000000e+00  0.0000000000000e+00  0.0000000000000e+00 -0.0000000000000e+00  0.0000000000000e+00   0  0  0  0  1  1
   27 -9.7426248432613e+00 -1.7965243191564e-01  0.0000000000000e+00  0.0000000000000e+00 -2.1259045794734e+01  0.0000000000000e+00   0  0  0  0  0  2
