ZLIB::VTps : size = 6 (dimension = 6  order = 2 )

    0  1.0726037022224e-14 -3.3317505545240e-16  0.0000000000000e+00  0.0000000000000e+00 -8.2647307110618e-14  0.0000000000000e+00   0  0  0  0  0  0
    1  8.8142856912558e-01 -9.7829560820822e-03  0.0000000000000e+00  0.0000000000000e+00 -4.3693893758209e-01  0.0000000000000e+00   1  0  0  0  0  0
    2  2.2803299499492e+01  8.8142856912460e-01  0.0000000000000e+00  0.0000000000000e+00 -5.2957893912223e+00  0.0000000000000e+00   0  1  0  0  0  0
    3  0.0000000000000e+00  0.0000000000000e+00  9.9988814486323e-01 -7.8605811164327e-07  0.0000000000000e+00  0.0000000000000e+00   0  0  1  0  0  0
    4  0.0000000000000e+00  0.0000000000000e+00  2.8458171050226e+02  9.9988814486323e-01  0.0000000000000e+00  0.0000000000000e+00   0  0  0  1  0  0
    5  0.0000000000000e+00  0.0000000000000e+00  0.0000000000000e+00  0.0000000000000e+00  1.0000000000000e+00  0.0000000000000e+00   0  0  0  0  1  0
    6  5.2957893911786e+00  4.3693893758209e-01  0.0000000000000e+00  0.0000000000000e+00 -2.2768662933585e+02  1.0000000000000e+00   0  0  0  0  0  1
    7 -1.9848158559830e-03 -9.6751717321212e-06  0.0000000000000e+00  0.0000000000000e+00 -4.1671744613548e-03  0.0000000000000e+00   2  0  0  0  0  0
    8  3.3368407743779e-01 -2.3453012496783e-04  0.0000000000000e+00  0.0000000000000e+00  9.0794136063803e-03  0.0000000000000e+00   1  1  0  0  0  0
    9  0.0000000000000e+00  0.0000000000000e+00  1.2426710439391e-06  3.4764587264761e-08 -0.0000000000000e+00  0.0000000000000e+00   1  0  1  0  0  0
   10  0.0000000000000e+00  0.0000000000000e+00  3.8413275143909e-01  8.3498169686138e-06 -0.0000000000000e+00  0.0000000000000e+00   1  0  0  1  0  0
   11  0.0000000000000e+00  0.0000000000000e+00  0.0000000000000e+00  0.0000000000000e+00 -0.0000000000000e+00  0.0000000000000e+00   1  0  0  0  1  0
   12  3.6487540895240e-01  7.2573097409668e-03  0.0000000000000e+00  0.0000000000000e+00  7.5419917624557e-01  0.0000000000000e+00   1  0  0  0  0  1
   13  2.0221596719100e+00 -1.9231968987333e-01  0.0000000000000e+00  0.0000000000000e+00 -1.9057545611429e+01  0.0000000000000e+00   0  2  0  0  0  0
   14  0.0000000000000e+00  0.0000000000000e+00  7.4154387974258e-04  4.2135391605459e-07 -0.0000000000000e+00  0.0000000000000e+00   0  1  1  0  0  0
   15  0.0000000000000e+00  0.0000000000000e+00  4.6557676025610e+00 -6.2528096087017e-04 -0.0000000000000e+00  0.0000000000000e+00   0  1  0  1  0  0
   16  0.0000000000000e+00  0.0000000000000e+00  0.0000000000000e+00  0.0000000000000e+00 -0.0000000000000e+00  0.0000000000000e+00   0  1  0  0  1  0
   17 -3.3802770906384e+01  1.9805350916320e-01  0.0000000000000e+00  0.0000000000000e+00  9.1410484461591e+00  0.0000000000000e+00   0  1  0  0  0  1
   18  2.1040763913992e-07  1.7383631054229e-08  0.0000000000000e+00  0.0000000000000e+00 -1.6494710292040e-05  0.0000000000000e+00   0  0  2  0  0  0
   19  7.4512063814030e-04  1.5444827100194e-06  0.0000000000000e+00  0.0000000000000e+00 -4.8330414416492e-03  0.0000000000000e+00   0  0  1  1  0  0
   20  0.0000000000000e+00  0.0000000000000e+00  0.0000000000000e+00  0.0000000000000e+00 -0.0000000000000e+00  0.0000000000000e+00   0  0  1  0  1  0
   21  0.0000000000000e+00  0.0000000000000e+00  4.8731133680121e-03  3.2989529599358e-05 -0.0000000000000e+00  0.0000000000000e+00   0  0  1  0  0  1
   22 -2.2221085026455e+00 -1.9186807138318e-01  0.0000000000000e+00  0.0000000000000e+00 -2.5833030838408e+01  0.0000000000000e+00   0  0  0  2  0  0
   23  0.0000000000000e+00  0.0000000000000e+00  0.0000000000000e+00  0.0000000000000e+00 -0.0000000000000e+00  0.0000000000000e+00   0  0  0  1  1  0
   24  0.0000000000000e+00  0.0000000000000e+00 -5.0284887362027e+01  4.5556848971615e-03 -0.0000000000000e+00  0.0000000000000e+00   0  0  0  1  0  1
   25  0.0000000000000e+00  0.0000000000000e+00  0.0000000000000e+00  0.0000000000000e+00 -0.0000000000000e+00  0.0000000000000e+00   0  0  0  0  2  0
   26  0.0000000000000e+00  0.0000000000000e+00  0.0000000000000e+00  0.0000000000000e+00 -0.0000000000000e+00  0.0000000000000e+00   0  0  0  0  1  1
   27 -1.2921549286503e+01 -3.5304753515145e-01  0.0000000000000e+00  0.0000000000000e+00 -3.9894193826010e+01  0.0000000000000e+00   0  0  0  0  0  2
