------------------------------------------------------------------------------------------------------------------------
#     name         suml(thick)       suml(thin)      x           y           z           theta       phi         psi       
------------------------------------------------------------------------------------------------------------------------
    0 mbegin       0.0000000e+00   0.0000000e+00  0.0000e+00  0.0000e+00  0.0000e+00  0.0000e+00  0.0000e+00  0.0000e+00
    1 rf1          0.0000000e+00   0.0000000e+00  0.0000e+00  0.0000e+00  0.0000e+00  0.0000e+00  0.0000e+00  0.0000e+00
    2 strh         1.0000000e-10   1.0000000e-10  0.0000e+00  0.0000e+00  1.0000e-10  0.0000e+00  0.0000e+00  0.0000e+00
    3 marcin       1.0000000e+00   1.0000000e+00  0.0000e+00  0.0000e+00  1.0000e+00  0.0000e+00  0.0000e+00  0.0000e+00
    4 qch          1.0000000e+00   1.0000000e+00  0.0000e+00  0.0000e+00  1.0000e+00  0.0000e+00  0.0000e+00  0.0000e+00
    5 sc           1.4833333e+00   1.4833333e+00  0.0000e+00  0.0000e+00  1.4833e+00  0.0000e+00  0.0000e+00  0.0000e+00
    6 qch          1.9666667e+00   1.9666667e+00  0.0000e+00  0.0000e+00  1.9667e+00  0.0000e+00  0.0000e+00  0.0000e+00
    7 bh           2.4500000e+00   2.4500000e+00  0.0000e+00  0.0000e+00  2.4500e+00  0.0000e+00  0.0000e+00  0.0000e+00
    8 qbh          1.8157963e+01   1.8362989e+01 -3.0448e+00  0.0000e+00  1.7757e+01 -3.9270e-01  0.0000e+00  0.0000e+00
    9 sb           1.8641297e+01   1.8846323e+01 -3.2298e+00  0.0000e+00  1.8204e+01 -3.9270e-01  0.0000e+00  0.0000e+00
   10 qbh          1.9124630e+01   1.9329656e+01 -3.4147e+00  0.0000e+00  1.8650e+01 -3.9270e-01  0.0000e+00  0.0000e+00
   11 bh           1.9607963e+01   1.9812989e+01 -3.5997e+00  0.0000e+00  1.9097e+01 -3.9270e-01  0.0000e+00  0.0000e+00
   12 qah          3.5315927e+01   3.5725979e+01 -1.2271e+01  0.0000e+00  3.2074e+01 -7.8540e-01  0.0000e+00  0.0000e+00
   13 sa           3.5799260e+01   3.6209312e+01 -1.2612e+01  0.0000e+00  3.2416e+01 -7.8540e-01  0.0000e+00  0.0000e+00
   14 qah          3.6282593e+01   3.6692645e+01 -1.2954e+01  0.0000e+00  3.2757e+01 -7.8540e-01  0.0000e+00  0.0000e+00
   15 bh           3.6765927e+01   3.7175979e+01 -1.3296e+01  0.0000e+00  3.3099e+01 -7.8540e-01  0.0000e+00  0.0000e+00
   16 qbh          5.2473890e+01   5.3088968e+01 -2.6273e+01  0.0000e+00  4.1770e+01 -1.1781e+00  0.0000e+00  0.0000e+00
   17 sb           5.2957223e+01   5.3572302e+01 -2.6719e+01  0.0000e+00  4.1955e+01 -1.1781e+00  0.0000e+00  0.0000e+00
   18 qbh          5.3440556e+01   5.4055635e+01 -2.7166e+01  0.0000e+00  4.2140e+01 -1.1781e+00  0.0000e+00  0.0000e+00
   19 bh           5.3923890e+01   5.4538968e+01 -2.7612e+01  0.0000e+00  4.2325e+01 -1.1781e+00  0.0000e+00  0.0000e+00
   20 slndh        6.9631853e+01   7.0451958e+01 -4.2920e+01  0.0000e+00  4.5370e+01 -1.5708e+00  0.0000e+00  0.0000e+00
   21 mslndcent    7.0356853e+01   7.1176958e+01 -4.3645e+01  0.0000e+00  4.5370e+01 -1.5708e+00  0.0000e+00  0.0000e+00
   22 slndh        7.0356853e+01   7.1176958e+01 -4.3645e+01  0.0000e+00  4.5370e+01 -1.5708e+00  0.0000e+00  0.0000e+00
   23 bh           7.1081853e+01   7.1901958e+01 -4.4370e+01  0.0000e+00  4.5370e+01 -1.5708e+00  0.0000e+00  0.0000e+00
   24 qbh          8.6789816e+01   8.7814947e+01 -5.9677e+01  0.0000e+00  4.2325e+01 -1.9635e+00  0.0000e+00  0.0000e+00
   25 sb           8.7273150e+01   8.8298280e+01 -6.0124e+01  0.0000e+00  4.2140e+01 -1.9635e+00  0.0000e+00  0.0000e+00
   26 qbh          8.7756483e+01   8.8781614e+01 -6.0570e+01  0.0000e+00  4.1955e+01 -1.9635e+00  0.0000e+00  0.0000e+00
   27 bh           8.8239816e+01   8.9264947e+01 -6.1017e+01  0.0000e+00  4.1770e+01 -1.9635e+00  0.0000e+00  0.0000e+00
   28 qah          1.0394778e+02   1.0517794e+02 -7.3994e+01  0.0000e+00  3.3099e+01 -2.3562e+00  0.0000e+00  0.0000e+00
   29 sa           1.0443111e+02   1.0566127e+02 -7.4335e+01  0.0000e+00  3.2757e+01 -2.3562e+00  0.0000e+00  0.0000e+00
   30 qah          1.0491445e+02   1.0614460e+02 -7.4677e+01  0.0000e+00  3.2416e+01 -2.3562e+00  0.0000e+00  0.0000e+00
   31 bh           1.0539778e+02   1.0662794e+02 -7.5019e+01  0.0000e+00  3.2074e+01 -2.3562e+00  0.0000e+00  0.0000e+00
   32 qbh          1.2110574e+02   1.2254093e+02 -8.3690e+01  0.0000e+00  1.9097e+01 -2.7489e+00  0.0000e+00  0.0000e+00
   33 sb           1.2158908e+02   1.2302426e+02 -8.3875e+01  0.0000e+00  1.8650e+01 -2.7489e+00  0.0000e+00  0.0000e+00
   34 qbh          1.2207241e+02   1.2350759e+02 -8.4060e+01  0.0000e+00  1.8204e+01 -2.7489e+00  0.0000e+00  0.0000e+00
   35 bh           1.2255574e+02   1.2399093e+02 -8.4245e+01  0.0000e+00  1.7757e+01 -2.7489e+00  0.0000e+00  0.0000e+00
   36 qch          1.3826371e+02   1.3990392e+02 -8.7290e+01  0.0000e+00  2.4500e+00 -3.1416e+00  0.0000e+00  0.0000e+00
   37 sc           1.3874704e+02   1.4038725e+02 -8.7290e+01  0.0000e+00  1.9667e+00 -3.1416e+00  0.0000e+00  0.0000e+00
   38 qch          1.3923037e+02   1.4087058e+02 -8.7290e+01  0.0000e+00  1.4833e+00 -3.1416e+00  0.0000e+00  0.0000e+00
   39 marcout      1.3971371e+02   1.4135392e+02 -8.7290e+01  0.0000e+00  1.0000e+00 -3.1416e+00  0.0000e+00  0.0000e+00
   40 strh         1.3971371e+02   1.4135392e+02 -8.7290e+01  0.0000e+00  1.0000e+00 -3.1416e+00  0.0000e+00  0.0000e+00
   41 mhalf        1.4071371e+02   1.4235392e+02 -8.7290e+01  0.0000e+00  9.0958e-11 -3.1416e+00  0.0000e+00  0.0000e+00
   42 strh         1.4071371e+02   1.4235392e+02 -8.7290e+01  0.0000e+00  9.0958e-11 -3.1416e+00  0.0000e+00  0.0000e+00
   43 marcin       1.4171371e+02   1.4335392e+02 -8.7290e+01  0.0000e+00 -1.0000e+00 -3.1416e+00  0.0000e+00  0.0000e+00
   44 qch          1.4171371e+02   1.4335392e+02 -8.7290e+01  0.0000e+00 -1.0000e+00 -3.1416e+00  0.0000e+00  0.0000e+00
   45 sc           1.4219704e+02   1.4383725e+02 -8.7290e+01  0.0000e+00 -1.4833e+00 -3.1416e+00  0.0000e+00  0.0000e+00
   46 qch          1.4268037e+02   1.4432058e+02 -8.7290e+01  0.0000e+00 -1.9667e+00 -3.1416e+00  0.0000e+00  0.0000e+00
   47 bh           1.4316371e+02   1.4480392e+02 -8.7290e+01  0.0000e+00 -2.4500e+00 -3.1416e+00  0.0000e+00  0.0000e+00
   48 qbh          1.5887167e+02   1.6071690e+02 -8.4245e+01  0.0000e+00 -1.7757e+01 -3.5343e+00  0.0000e+00  0.0000e+00
   49 sb           1.5935500e+02   1.6120024e+02 -8.4060e+01  0.0000e+00 -1.8204e+01 -3.5343e+00  0.0000e+00  0.0000e+00
   50 qbh          1.5983834e+02   1.6168357e+02 -8.3875e+01  0.0000e+00 -1.8650e+01 -3.5343e+00  0.0000e+00  0.0000e+00
   51 bh           1.6032167e+02   1.6216690e+02 -8.3690e+01  0.0000e+00 -1.9097e+01 -3.5343e+00  0.0000e+00  0.0000e+00
   52 qah          1.7602963e+02   1.7807989e+02 -7.5019e+01  0.0000e+00 -3.2074e+01 -3.9270e+00  0.0000e+00  0.0000e+00
   53 sa           1.7651297e+02   1.7856323e+02 -7.4677e+01  0.0000e+00 -3.2416e+01 -3.9270e+00  0.0000e+00  0.0000e+00
   54 qah          1.7699630e+02   1.7904656e+02 -7.4335e+01  0.0000e+00 -3.2757e+01 -3.9270e+00  0.0000e+00  0.0000e+00
   55 bh           1.7747963e+02   1.7952989e+02 -7.3994e+01  0.0000e+00 -3.3099e+01 -3.9270e+00  0.0000e+00  0.0000e+00
   56 qbh          1.9318760e+02   1.9544288e+02 -6.1017e+01  0.0000e+00 -4.1770e+01 -4.3197e+00  0.0000e+00  0.0000e+00
   57 sb           1.9367093e+02   1.9592622e+02 -6.0570e+01  0.0000e+00 -4.1955e+01 -4.3197e+00  0.0000e+00  0.0000e+00
   58 qbh          1.9415426e+02   1.9640955e+02 -6.0124e+01  0.0000e+00 -4.2140e+01 -4.3197e+00  0.0000e+00  0.0000e+00
   59 bh           1.9463760e+02   1.9689288e+02 -5.9677e+01  0.0000e+00 -4.2325e+01 -4.3197e+00  0.0000e+00  0.0000e+00
   60 slndh        2.1034556e+02   2.1280587e+02 -4.4370e+01  0.0000e+00 -4.5370e+01 -4.7124e+00  0.0000e+00  0.0000e+00
   61 mslndcent    2.1107056e+02   2.1353087e+02 -4.3645e+01  0.0000e+00 -4.5370e+01 -4.7124e+00  0.0000e+00  0.0000e+00
   62 slndh        2.1107056e+02   2.1353087e+02 -4.3645e+01  0.0000e+00 -4.5370e+01 -4.7124e+00  0.0000e+00  0.0000e+00
   63 bh           2.1179556e+02   2.1425587e+02 -4.2920e+01  0.0000e+00 -4.5370e+01 -4.7124e+00  0.0000e+00  0.0000e+00
   64 qbh          2.2750352e+02   2.3016886e+02 -2.7612e+01  0.0000e+00 -4.2325e+01 -5.1051e+00  0.0000e+00  0.0000e+00
   65 sb           2.2798686e+02   2.3065220e+02 -2.7166e+01  0.0000e+00 -4.2140e+01 -5.1051e+00  0.0000e+00  0.0000e+00
   66 qbh          2.2847019e+02   2.3113553e+02 -2.6719e+01  0.0000e+00 -4.1955e+01 -5.1051e+00  0.0000e+00  0.0000e+00
   67 bh           2.2895352e+02   2.3161886e+02 -2.6273e+01  0.0000e+00 -4.1770e+01 -5.1051e+00  0.0000e+00  0.0000e+00
   68 qah          2.4466149e+02   2.4753185e+02 -1.3296e+01  0.0000e+00 -3.3099e+01 -5.4978e+00  0.0000e+00  0.0000e+00
   69 sa           2.4514482e+02   2.4801518e+02 -1.2954e+01  0.0000e+00 -3.2757e+01 -5.4978e+00  0.0000e+00  0.0000e+00
   70 qah          2.4562815e+02   2.4849852e+02 -1.2612e+01  0.0000e+00 -3.2416e+01 -5.4978e+00  0.0000e+00  0.0000e+00
   71 bh           2.4611149e+02   2.4898185e+02 -1.2271e+01  0.0000e+00 -3.2074e+01 -5.4978e+00  0.0000e+00  0.0000e+00
   72 qbh          2.6181945e+02   2.6489484e+02 -3.5997e+00  0.0000e+00 -1.9097e+01 -5.8905e+00  0.0000e+00  0.0000e+00
   73 sb           2.6230278e+02   2.6537817e+02 -3.4147e+00  0.0000e+00 -1.8650e+01 -5.8905e+00  0.0000e+00  0.0000e+00
   74 qbh          2.6278612e+02   2.6586151e+02 -3.2298e+00  0.0000e+00 -1.8204e+01 -5.8905e+00  0.0000e+00  0.0000e+00
   75 bh           2.6326945e+02   2.6634484e+02 -3.0448e+00  0.0000e+00 -1.7757e+01 -5.8905e+00  0.0000e+00  0.0000e+00
   76 qch          2.7897741e+02   2.8225783e+02  1.0440e-12  0.0000e+00 -2.4500e+00 -6.2832e+00  0.0000e+00  0.0000e+00
   77 sc           2.7946075e+02   2.8274116e+02  8.4417e-13  0.0000e+00 -1.9667e+00 -6.2832e+00  0.0000e+00  0.0000e+00
   78 qch          2.7994408e+02   2.8322450e+02  6.4433e-13  0.0000e+00 -1.4833e+00 -6.2832e+00  0.0000e+00  0.0000e+00
   79 marcout      2.8042741e+02   2.8370783e+02  4.4449e-13  0.0000e+00 -1.0000e+00 -6.2832e+00  0.0000e+00  0.0000e+00
   80 strh         2.8042741e+02   2.8370783e+02  4.4449e-13  0.0000e+00 -1.0000e+00 -6.2832e+00  0.0000e+00  0.0000e+00
   81 mend         2.8142741e+02   2.8470783e+02  3.1025e-14  0.0000e+00  1.1803e-10 -6.2832e+00  0.0000e+00  0.0000e+00
    0 End          2.8142741e+02   2.8470783e+02  3.1025e-14  0.0000e+00  1.1803e-10 -6.2832e+00  0.0000e+00  0.0000e+00
