------------------------------------------------------------------------------------------------------------------------
#     name         suml(thick)       suml(thin)      x           y           z           theta       phi         psi       
------------------------------------------------------------------------------------------------------------------------
    0 mbegin       0.0000000e+00   0.0000000e+00  0.0000e+00  0.0000e+00  0.0000e+00  0.0000e+00  0.0000e+00  0.0000e+00
    1 rf1          0.0000000e+00   0.0000000e+00  0.0000e+00  0.0000e+00  0.0000e+00  0.0000e+00  0.0000e+00  0.0000e+00
    2 strh         1.0000000e-10   1.0000000e-10  0.0000e+00  0.0000e+00  1.0000e-10  0.0000e+00  0.0000e+00  0.0000e+00
    3 marcin       1.0000000e+00   1.0000000e+00  0.0000e+00  0.0000e+00  1.0000e+00  0.0000e+00  0.0000e+00  0.0000e+00
    4 qch          1.0000000e+00   1.0000000e+00  0.0000e+00  0.0000e+00  1.0000e+00  0.0000e+00  0.0000e+00  0.0000e+00
    5 sc           1.4833333e+00   1.4833333e+00  0.0000e+00  0.0000e+00  1.4833e+00  0.0000e+00  0.0000e+00  0.0000e+00
    6 oc           1.9666667e+00   1.9666667e+00  0.0000e+00  0.0000e+00  1.9667e+00  0.0000e+00  0.0000e+00  0.0000e+00
    7 qch          1.9676667e+00   1.9676667e+00  0.0000e+00  0.0000e+00  1.9677e+00  0.0000e+00  0.0000e+00  0.0000e+00
    8 bh           2.4510000e+00   2.4510000e+00  0.0000e+00  0.0000e+00  2.4510e+00  0.0000e+00  0.0000e+00  0.0000e+00
    9 qbh          1.8158963e+01   1.8363989e+01 -3.0448e+00  0.0000e+00  1.7758e+01 -3.9270e-01  0.0000e+00  0.0000e+00
   10 sb           1.8642297e+01   1.8847323e+01 -3.2298e+00  0.0000e+00  1.8205e+01 -3.9270e-01  0.0000e+00  0.0000e+00
   11 ob           1.9125630e+01   1.9330656e+01 -3.4147e+00  0.0000e+00  1.8651e+01 -3.9270e-01  0.0000e+00  0.0000e+00
   12 qbh          1.9126630e+01   1.9331656e+01 -3.4151e+00  0.0000e+00  1.8652e+01 -3.9270e-01  0.0000e+00  0.0000e+00
   13 bh           1.9609963e+01   1.9814989e+01 -3.6001e+00  0.0000e+00  1.9099e+01 -3.9270e-01  0.0000e+00  0.0000e+00
   14 qah          3.5317927e+01   3.5727979e+01 -1.2271e+01  0.0000e+00  3.2076e+01 -7.8540e-01  0.0000e+00  0.0000e+00
   15 sa           3.5801260e+01   3.6211312e+01 -1.2613e+01  0.0000e+00  3.2418e+01 -7.8540e-01  0.0000e+00  0.0000e+00
   16 oa           3.6284593e+01   3.6694645e+01 -1.2955e+01  0.0000e+00  3.2759e+01 -7.8540e-01  0.0000e+00  0.0000e+00
   17 qah          3.6285593e+01   3.6695645e+01 -1.2955e+01  0.0000e+00  3.2760e+01 -7.8540e-01  0.0000e+00  0.0000e+00
   18 bh           3.6768927e+01   3.7178979e+01 -1.3297e+01  0.0000e+00  3.3102e+01 -7.8540e-01  0.0000e+00  0.0000e+00
   19 qbh          5.2476890e+01   5.3091968e+01 -2.6274e+01  0.0000e+00  4.1773e+01 -1.1781e+00  0.0000e+00  0.0000e+00
   20 sb           5.2960223e+01   5.3575302e+01 -2.6720e+01  0.0000e+00  4.1958e+01 -1.1781e+00  0.0000e+00  0.0000e+00
   21 ob           5.3443556e+01   5.4058635e+01 -2.7167e+01  0.0000e+00  4.2143e+01 -1.1781e+00  0.0000e+00  0.0000e+00
   22 qbh          5.3444556e+01   5.4059635e+01 -2.7168e+01  0.0000e+00  4.2143e+01 -1.1781e+00  0.0000e+00  0.0000e+00
   23 bh           5.3927890e+01   5.4542968e+01 -2.7614e+01  0.0000e+00  4.2328e+01 -1.1781e+00  0.0000e+00  0.0000e+00
   24 slndh        6.9635853e+01   7.0455958e+01 -4.2922e+01  0.0000e+00  4.5373e+01 -1.5708e+00  0.0000e+00  0.0000e+00
   25 mslndcent    7.0360853e+01   7.1180958e+01 -4.3647e+01  0.0000e+00  4.5373e+01 -1.5708e+00  0.0000e+00  0.0000e+00
   26 slndh        7.0360853e+01   7.1180958e+01 -4.3647e+01  0.0000e+00  4.5373e+01 -1.5708e+00  0.0000e+00  0.0000e+00
   27 bh           7.1085853e+01   7.1905958e+01 -4.4372e+01  0.0000e+00  4.5373e+01 -1.5708e+00  0.0000e+00  0.0000e+00
   28 qbh          8.6793816e+01   8.7818947e+01 -5.9679e+01  0.0000e+00  4.2328e+01 -1.9635e+00  0.0000e+00  0.0000e+00
   29 sb           8.7277150e+01   8.8302280e+01 -6.0126e+01  0.0000e+00  4.2143e+01 -1.9635e+00  0.0000e+00  0.0000e+00
   30 ob           8.7760483e+01   8.8785614e+01 -6.0572e+01  0.0000e+00  4.1958e+01 -1.9635e+00  0.0000e+00  0.0000e+00
   31 qbh          8.7761483e+01   8.8786614e+01 -6.0573e+01  0.0000e+00  4.1958e+01 -1.9635e+00  0.0000e+00  0.0000e+00
   32 bh           8.8244816e+01   8.9269947e+01 -6.1020e+01  0.0000e+00  4.1773e+01 -1.9635e+00  0.0000e+00  0.0000e+00
   33 qah          1.0395278e+02   1.0518294e+02 -7.3997e+01  0.0000e+00  3.3102e+01 -2.3562e+00  0.0000e+00  0.0000e+00
   34 sa           1.0443611e+02   1.0566627e+02 -7.4338e+01  0.0000e+00  3.2760e+01 -2.3562e+00  0.0000e+00  0.0000e+00
   35 oa           1.0491945e+02   1.0614960e+02 -7.4680e+01  0.0000e+00  3.2418e+01 -2.3562e+00  0.0000e+00  0.0000e+00
   36 qah          1.0492045e+02   1.0615060e+02 -7.4681e+01  0.0000e+00  3.2418e+01 -2.3562e+00  0.0000e+00  0.0000e+00
   37 bh           1.0540378e+02   1.0663394e+02 -7.5023e+01  0.0000e+00  3.2076e+01 -2.3562e+00  0.0000e+00  0.0000e+00
   38 qbh          1.2111174e+02   1.2254693e+02 -8.3694e+01  0.0000e+00  1.9099e+01 -2.7489e+00  0.0000e+00  0.0000e+00
   39 sb           1.2159508e+02   1.2303026e+02 -8.3879e+01  0.0000e+00  1.8652e+01 -2.7489e+00  0.0000e+00  0.0000e+00
   40 ob           1.2207841e+02   1.2351359e+02 -8.4064e+01  0.0000e+00  1.8206e+01 -2.7489e+00  0.0000e+00  0.0000e+00
   41 qbh          1.2207941e+02   1.2351459e+02 -8.4064e+01  0.0000e+00  1.8205e+01 -2.7489e+00  0.0000e+00  0.0000e+00
   42 bh           1.2256274e+02   1.2399793e+02 -8.4249e+01  0.0000e+00  1.7758e+01 -2.7489e+00  0.0000e+00  0.0000e+00
   43 qch          1.3827071e+02   1.3991092e+02 -8.7294e+01  0.0000e+00  2.4510e+00 -3.1416e+00  0.0000e+00  0.0000e+00
   44 sc           1.3875404e+02   1.4039425e+02 -8.7294e+01  0.0000e+00  1.9677e+00 -3.1416e+00  0.0000e+00  0.0000e+00
   45 oc           1.3923737e+02   1.4087758e+02 -8.7294e+01  0.0000e+00  1.4843e+00 -3.1416e+00  0.0000e+00  0.0000e+00
   46 qch          1.3923837e+02   1.4087858e+02 -8.7294e+01  0.0000e+00  1.4833e+00 -3.1416e+00  0.0000e+00  0.0000e+00
   47 marcout      1.3972171e+02   1.4136192e+02 -8.7294e+01  0.0000e+00  1.0000e+00 -3.1416e+00  0.0000e+00  0.0000e+00
   48 strh         1.3972171e+02   1.4136192e+02 -8.7294e+01  0.0000e+00  1.0000e+00 -3.1416e+00  0.0000e+00  0.0000e+00
   49 mhalf        1.4072171e+02   1.4236192e+02 -8.7294e+01  0.0000e+00  9.0959e-11 -3.1416e+00  0.0000e+00  0.0000e+00
   50 strh         1.4072171e+02   1.4236192e+02 -8.7294e+01  0.0000e+00  9.0959e-11 -3.1416e+00  0.0000e+00  0.0000e+00
   51 marcin       1.4172171e+02   1.4336192e+02 -8.7294e+01  0.0000e+00 -1.0000e+00 -3.1416e+00  0.0000e+00  0.0000e+00
   52 qch          1.4172171e+02   1.4336192e+02 -8.7294e+01  0.0000e+00 -1.0000e+00 -3.1416e+00  0.0000e+00  0.0000e+00
   53 sc           1.4220504e+02   1.4384525e+02 -8.7294e+01  0.0000e+00 -1.4833e+00 -3.1416e+00  0.0000e+00  0.0000e+00
   54 oc           1.4268837e+02   1.4432858e+02 -8.7294e+01  0.0000e+00 -1.9667e+00 -3.1416e+00  0.0000e+00  0.0000e+00
   55 qch          1.4268937e+02   1.4432958e+02 -8.7294e+01  0.0000e+00 -1.9677e+00 -3.1416e+00  0.0000e+00  0.0000e+00
   56 bh           1.4317271e+02   1.4481292e+02 -8.7294e+01  0.0000e+00 -2.4510e+00 -3.1416e+00  0.0000e+00  0.0000e+00
   57 qbh          1.5888067e+02   1.6072590e+02 -8.4249e+01  0.0000e+00 -1.7758e+01 -3.5343e+00  0.0000e+00  0.0000e+00
   58 sb           1.5936400e+02   1.6120924e+02 -8.4064e+01  0.0000e+00 -1.8205e+01 -3.5343e+00  0.0000e+00  0.0000e+00
   59 ob           1.5984734e+02   1.6169257e+02 -8.3879e+01  0.0000e+00 -1.8651e+01 -3.5343e+00  0.0000e+00  0.0000e+00
   60 qbh          1.5984834e+02   1.6169357e+02 -8.3879e+01  0.0000e+00 -1.8652e+01 -3.5343e+00  0.0000e+00  0.0000e+00
   61 bh           1.6033167e+02   1.6217690e+02 -8.3694e+01  0.0000e+00 -1.9099e+01 -3.5343e+00  0.0000e+00  0.0000e+00
   62 qah          1.7603963e+02   1.7808989e+02 -7.5023e+01  0.0000e+00 -3.2076e+01 -3.9270e+00  0.0000e+00  0.0000e+00
   63 sa           1.7652297e+02   1.7857323e+02 -7.4681e+01  0.0000e+00 -3.2418e+01 -3.9270e+00  0.0000e+00  0.0000e+00
   64 oa           1.7700630e+02   1.7905656e+02 -7.4339e+01  0.0000e+00 -3.2759e+01 -3.9270e+00  0.0000e+00  0.0000e+00
   65 qah          1.7700730e+02   1.7905756e+02 -7.4338e+01  0.0000e+00 -3.2760e+01 -3.9270e+00  0.0000e+00  0.0000e+00
   66 bh           1.7749063e+02   1.7954089e+02 -7.3997e+01  0.0000e+00 -3.3102e+01 -3.9270e+00  0.0000e+00  0.0000e+00
   67 qbh          1.9319860e+02   1.9545388e+02 -6.1020e+01  0.0000e+00 -4.1773e+01 -4.3197e+00  0.0000e+00  0.0000e+00
   68 sb           1.9368193e+02   1.9593722e+02 -6.0573e+01  0.0000e+00 -4.1958e+01 -4.3197e+00  0.0000e+00  0.0000e+00
   69 ob           1.9416526e+02   1.9642055e+02 -6.0127e+01  0.0000e+00 -4.2143e+01 -4.3197e+00  0.0000e+00  0.0000e+00
   70 qbh          1.9416626e+02   1.9642155e+02 -6.0126e+01  0.0000e+00 -4.2143e+01 -4.3197e+00  0.0000e+00  0.0000e+00
   71 bh           1.9464960e+02   1.9690488e+02 -5.9679e+01  0.0000e+00 -4.2328e+01 -4.3197e+00  0.0000e+00  0.0000e+00
   72 slndh        2.1035756e+02   2.1281787e+02 -4.4372e+01  0.0000e+00 -4.5373e+01 -4.7124e+00  0.0000e+00  0.0000e+00
   73 mslndcent    2.1108256e+02   2.1354287e+02 -4.3647e+01  0.0000e+00 -4.5373e+01 -4.7124e+00  0.0000e+00  0.0000e+00
   74 slndh        2.1108256e+02   2.1354287e+02 -4.3647e+01  0.0000e+00 -4.5373e+01 -4.7124e+00  0.0000e+00  0.0000e+00
   75 bh           2.1180756e+02   2.1426787e+02 -4.2922e+01  0.0000e+00 -4.5373e+01 -4.7124e+00  0.0000e+00  0.0000e+00
   76 qbh          2.2751552e+02   2.3018086e+02 -2.7614e+01  0.0000e+00 -4.2328e+01 -5.1051e+00  0.0000e+00  0.0000e+00
   77 sb           2.2799886e+02   2.3066420e+02 -2.7168e+01  0.0000e+00 -4.2143e+01 -5.1051e+00  0.0000e+00  0.0000e+00
   78 ob           2.2848219e+02   2.3114753e+02 -2.6721e+01  0.0000e+00 -4.1958e+01 -5.1051e+00  0.0000e+00  0.0000e+00
   79 qbh          2.2848319e+02   2.3114853e+02 -2.6720e+01  0.0000e+00 -4.1958e+01 -5.1051e+00  0.0000e+00  0.0000e+00
   80 bh           2.2896652e+02   2.3163186e+02 -2.6274e+01  0.0000e+00 -4.1773e+01 -5.1051e+00  0.0000e+00  0.0000e+00
   81 qah          2.4467449e+02   2.4754485e+02 -1.3297e+01  0.0000e+00 -3.3102e+01 -5.4978e+00  0.0000e+00  0.0000e+00
   82 sa           2.4515782e+02   2.4802818e+02 -1.2955e+01  0.0000e+00 -3.2760e+01 -5.4978e+00  0.0000e+00  0.0000e+00
   83 oa           2.4564115e+02   2.4851152e+02 -1.2613e+01  0.0000e+00 -3.2418e+01 -5.4978e+00  0.0000e+00  0.0000e+00
   84 qah          2.4564215e+02   2.4851252e+02 -1.2613e+01  0.0000e+00 -3.2418e+01 -5.4978e+00  0.0000e+00  0.0000e+00
   85 bh           2.4612549e+02   2.4899585e+02 -1.2271e+01  0.0000e+00 -3.2076e+01 -5.4978e+00  0.0000e+00  0.0000e+00
   86 qbh          2.6183345e+02   2.6490884e+02 -3.6001e+00  0.0000e+00 -1.9099e+01 -5.8905e+00  0.0000e+00  0.0000e+00
   87 sb           2.6231678e+02   2.6539217e+02 -3.4151e+00  0.0000e+00 -1.8652e+01 -5.8905e+00  0.0000e+00  0.0000e+00
   88 ob           2.6280012e+02   2.6587551e+02 -3.2302e+00  0.0000e+00 -1.8206e+01 -5.8905e+00  0.0000e+00  0.0000e+00
   89 qbh          2.6280112e+02   2.6587651e+02 -3.2298e+00  0.0000e+00 -1.8205e+01 -5.8905e+00  0.0000e+00  0.0000e+00
   90 bh           2.6328445e+02   2.6635984e+02 -3.0448e+00  0.0000e+00 -1.7758e+01 -5.8905e+00  0.0000e+00  0.0000e+00
   91 qch          2.7899241e+02   2.8227283e+02  1.0365e-12  0.0000e+00 -2.4510e+00 -6.2832e+00  0.0000e+00  0.0000e+00
   92 sc           2.7947575e+02   2.8275616e+02  8.3662e-13  0.0000e+00 -1.9677e+00 -6.2832e+00  0.0000e+00  0.0000e+00
   93 oc           2.7995908e+02   2.8323950e+02  6.3678e-13  0.0000e+00 -1.4843e+00 -6.2832e+00  0.0000e+00  0.0000e+00
   94 qch          2.7996008e+02   2.8324050e+02  6.3637e-13  0.0000e+00 -1.4833e+00 -6.2832e+00  0.0000e+00  0.0000e+00
   95 marcout      2.8044341e+02   2.8372383e+02  4.3653e-13  0.0000e+00 -1.0000e+00 -6.2832e+00  0.0000e+00  0.0000e+00
   96 strh         2.8044341e+02   2.8372383e+02  4.3653e-13  0.0000e+00 -1.0000e+00 -6.2832e+00  0.0000e+00  0.0000e+00
   97 mend         2.8144341e+02   2.8472383e+02  2.3062e-14  0.0000e+00  1.1803e-10 -6.2832e+00  0.0000e+00  0.0000e+00
    0 End          2.8144341e+02   2.8472383e+02  2.3062e-14  0.0000e+00  1.1803e-10 -6.2832e+00  0.0000e+00  0.0000e+00
