#-------------------------------------------------------------------------------------------
#  name       suml     betax    alphax   psix     etax      etaxp    betay    alphay   psiy    
#-------------------------------------------------------------------------------------------
origin        0.000   48.371   -0.000    0.000   44.655    0.000 4290.679    0.000    0.000
mbegin        0.000   48.371   -0.000    0.000   44.655    0.000 4290.679    0.000    0.000
marcin        1.000   48.392   -0.021    0.021   44.655    0.000 4290.680   -0.000    0.000
qch           1.000   48.392   -0.021    0.021   44.655    0.000 4290.680   -0.000    0.000
qch           1.968   48.451   -0.041    0.041   44.655    0.000 4290.677    0.002    0.000
bh            2.451   48.496   -0.051    0.051   44.655    0.000 4290.675    0.004    0.001
qbh          18.159   47.381    0.118    0.375   44.655    0.000 4290.620   -0.000    0.004
qbh          19.127   47.173    0.097    0.396   44.655    0.000 4290.617    0.002    0.005
bh           19.610   47.084    0.087    0.406   44.655    0.000 4290.615    0.004    0.005
qah          35.318   42.482    0.190    0.755   44.656    0.000 4290.557   -0.000    0.008
qah          36.286   42.136    0.167    0.777   44.656    0.000 4290.554    0.002    0.009
bh           36.769   41.981    0.155    0.789   44.656    0.000 4290.551    0.004    0.009
qbh          52.477   36.933    0.149    1.188   44.656    0.000 4290.490    0.000    0.012
qbh          53.445   36.671    0.122    1.214   44.656    0.000 4290.487    0.002    0.013
bh           53.928   36.559    0.109    1.227   44.656    0.000 4290.484    0.004    0.013
bh           71.086   34.402   -0.021    1.715   44.657   -0.000 4290.420   -0.000    0.017
qbh          86.794   36.559   -0.109    2.160   44.656   -0.000 4290.484   -0.004    0.020
qbh          87.761   36.796   -0.136    2.187   44.656   -0.000 4290.489   -0.002    0.021
bh           88.245   36.933   -0.149    2.200   44.656   -0.000 4290.490   -0.000    0.021
qah         103.953   41.981   -0.155    2.598   44.656   -0.000 4290.551   -0.004    0.025
qah         104.920   42.304   -0.179    2.621   44.656   -0.000 4290.556   -0.002    0.025
bh          105.404   42.482   -0.190    2.633   44.656   -0.000 4290.557    0.000    0.025
qbh         121.112   47.084   -0.087    2.982   44.655   -0.000 4290.615   -0.004    0.029
qbh         122.079   47.272   -0.108    3.002   44.655   -0.000 4290.619   -0.002    0.029
bh          122.563   47.381   -0.118    3.012   44.655   -0.000 4290.620    0.000    0.029
qch         138.271   48.496    0.051    3.337   44.655   -0.000 4290.675   -0.004    0.033
qch         139.238   48.417    0.031    3.357   44.655   -0.000 4290.679   -0.002    0.033
marcout     139.722   48.392    0.021    3.367   44.655   -0.000 4290.680    0.000    0.033
mhalf       140.722   48.371   -0.000    3.387   44.655   -0.000 4290.679    0.000    0.033
marcin      141.722   48.392   -0.021    3.408   44.655   -0.000 4290.680   -0.000    0.033
qch         141.722   48.392   -0.021    3.408   44.655   -0.000 4290.680   -0.000    0.033
qch         142.689   48.451   -0.041    3.428   44.655    0.000 4290.677    0.002    0.034
bh          143.173   48.496   -0.051    3.438   44.655    0.000 4290.675    0.004    0.034
qbh         158.881   47.381    0.118    3.763   44.655    0.000 4290.620   -0.000    0.037
qbh         159.848   47.173    0.097    3.783   44.655    0.000 4290.617    0.002    0.038
bh          160.332   47.084    0.087    3.793   44.655    0.000 4290.615    0.004    0.038
qah         176.040   42.482    0.190    4.142   44.656    0.000 4290.557   -0.000    0.042
qah         177.007   42.136    0.167    4.165   44.656    0.000 4290.554    0.002    0.042
bh          177.491   41.981    0.155    4.176   44.656    0.000 4290.551    0.004    0.042
qbh         193.199   36.933    0.149    4.575   44.656    0.000 4290.490    0.000    0.046
qbh         194.166   36.671    0.122    4.601   44.656    0.000 4290.487    0.002    0.046
bh          194.650   36.559    0.109    4.615   44.656    0.000 4290.484    0.004    0.046
bh          211.808   34.402   -0.021    5.102   44.657    0.000 4290.420   -0.000    0.050
qbh         227.516   36.559   -0.109    5.548   44.656   -0.000 4290.484   -0.004    0.054
qbh         228.483   36.796   -0.136    5.574   44.656   -0.000 4290.489   -0.002    0.054
bh          228.967   36.933   -0.149    5.587   44.656   -0.000 4290.490   -0.000    0.054
qah         244.674   41.981   -0.155    5.986   44.656   -0.000 4290.551   -0.004    0.058
qah         245.642   42.304   -0.179    6.009   44.656   -0.000 4290.556   -0.002    0.058
bh          246.125   42.482   -0.190    6.020   44.656   -0.000 4290.557    0.000    0.058
qbh         261.833   47.084   -0.087    6.369   44.655   -0.000 4290.615   -0.004    0.062
qbh         262.801   47.272   -0.108    6.390   44.655   -0.000 4290.619   -0.002    0.062
bh          263.284   47.381   -0.118    6.400   44.655   -0.000 4290.620    0.000    0.062
qch         278.992   48.496    0.051    6.724   44.655   -0.000 4290.675   -0.004    0.066
qch         279.960   48.417    0.031    6.744   44.655   -0.000 4290.679   -0.002    0.066
marcout     280.443   48.392    0.021    6.754   44.655    0.000 4290.680    0.000    0.066
mend        281.443   48.371    0.000    6.775   44.655    0.000 4290.679    0.000    0.066
#-------------------------------------------------------------------------------------------
#  name       suml     betax    alphax   psix     etax     etaxp    betay    alphay   psiy    
#-------------------------------------------------------------------------------------------
