ZSeries : order = 3 dimension = 4

    1  1.000000e+00    0  0  0  0
    2 -2.000000e+00    1  0  0  0
    3 -3.000000e+00    0  1  0  0
    4 -4.000000e+00    0  0  1  0
    5 -5.000000e+00    0  0  0  1
    6 -2.000000e+00    2  0  0  0
    7  5.000000e+00    1  1  0  0
    8  8.000000e+00    1  0  1  0
    9  1.100000e+01    1  0  0  1
   10 -1.000000e+00    0  2  0  0
   11  1.300000e+01    0  1  1  0
   12  1.800000e+01    0  1  0  1
   13  3.000000e+00    0  0  2  0
   14  2.600000e+01    0  0  1  1
   15  1.000000e+01    0  0  0  2
   16  0.000000e+00    3  0  0  0
   17  1.100000e+01    2  1  0  0
   18  1.400000e+01    2  0  1  0
   19  1.700000e+01    2  0  0  1
   20  8.000000e+00    1  2  0  0
   21 -1.700000e+01    1  1  1  0
   22 -3.000000e+01    1  1  0  1
   23 -3.000000e+00    1  0  2  0
   24 -5.600000e+01    1  0  1  1
   25 -2.500000e+01    1  0  0  2
   26  7.000000e+00    0  3  0  0
   27  1.100000e+01    0  2  1  0
   28  9.000000e+00    0  2  0  1
   29 -7.000000e+00    0  1  2  0
   30 -1.000000e+02    0  1  1  1
   31 -4.600000e+01    0  1  0  2
   32  8.000000e+00    0  0  3  0
   33 -3.100000e+01    0  0  2  1
   34 -7.400000e+01    0  0  1  2
   35 -1.000000e+01    0  0  0  3
