ZLIB::VTps : size = 6 (dimension = 6  order = 2 )

    0 -1.4569517391541e-17  3.4694469519536e-18  0.0000000000000e+00  0.0000000000000e+00 -2.7308450449382e-17  0.0000000000000e+00   0  0  0  0  0  0
    1  8.9980351135517e-02 -5.1784850046063e-01  0.0000000000000e+00  0.0000000000000e+00  1.3037311453342e-02  0.0000000000000e+00   1  0  0  0  0  0
    2  1.9172280664589e+00  7.9643173791036e-02  0.0000000000000e+00  0.0000000000000e+00 -1.9848254287673e-02  0.0000000000000e+00   0  1  0  0  0  0
    3  0.0000000000000e+00  0.0000000000000e+00  2.4606215088508e-01 -4.8635416143685e-01  0.0000000000000e+00  0.0000000000000e+00   0  0  1  0  0  0
    4  0.0000000000000e+00  0.0000000000000e+00  1.9289651850889e+00  2.5131762338398e-01  0.0000000000000e+00  0.0000000000000e+00   0  0  0  1  0  0
    5  0.0000000000000e+00  0.0000000000000e+00  0.0000000000000e+00  0.0000000000000e+00  1.0000000000000e+00  0.0000000000000e+00   0  0  0  0  1  0
    6 -2.6781452319748e-02  9.2400558577868e-03  0.0000000000000e+00  0.0000000000000e+00 -6.6827456413622e+00  1.0000000000000e+00   0  0  0  0  0  1
    7 -1.1484425559443e-01 -6.3456365542835e-03  0.0000000000000e+00  0.0000000000000e+00 -1.2725902609727e+02  0.0000000000000e+00   2  0  0  0  0  0
    8 -2.5635719933574e-02  8.0422848389515e-02  0.0000000000000e+00  0.0000000000000e+00 -6.8833587050214e+01  0.0000000000000e+00   1  1  0  0  0  0
    9  0.0000000000000e+00  0.0000000000000e+00  1.7257222851943e-02 -3.5618538785466e-02 -0.0000000000000e+00  0.0000000000000e+00   1  0  1  0  0  0
   10  0.0000000000000e+00  0.0000000000000e+00 -1.2610032033706e-01 -4.7608093718084e-02 -0.0000000000000e+00  0.0000000000000e+00   1  0  0  1  0  0
   11  0.0000000000000e+00  0.0000000000000e+00  0.0000000000000e+00  0.0000000000000e+00 -0.0000000000000e+00  0.0000000000000e+00   1  0  0  0  1  0
   12  4.8178037589195e+02  5.5915198701055e+01  0.0000000000000e+00  0.0000000000000e+00 -3.3493777029783e+00  0.0000000000000e+00   1  0  0  0  0  1
   13  1.5946926703791e-01 -4.9628553804668e-02  0.0000000000000e+00  0.0000000000000e+00 -3.2061386141097e+02  0.0000000000000e+00   0  2  0  0  0  0
   14  0.0000000000000e+00  0.0000000000000e+00 -1.7060164264340e-02 -1.5144553820485e-02 -0.0000000000000e+00  0.0000000000000e+00   0  1  1  0  0  0
   15  0.0000000000000e+00  0.0000000000000e+00 -4.5978966522022e-02 -1.0419056365201e-02 -0.0000000000000e+00  0.0000000000000e+00   0  1  0  1  0  0
   16  0.0000000000000e+00  0.0000000000000e+00  0.0000000000000e+00  0.0000000000000e+00 -0.0000000000000e+00  0.0000000000000e+00   0  1  0  0  1  0
   17  7.4268140073631e+01  3.3754063784590e+02  0.0000000000000e+00  0.0000000000000e+00  8.0510816847433e+00  0.0000000000000e+00   0  1  0  0  0  1
   18  1.8506463658413e-04 -3.1280329429318e-03  0.0000000000000e+00  0.0000000000000e+00 -1.1436586227207e+02  0.0000000000000e+00   0  0  2  0  0  0
   19 -1.3779910875332e-01 -1.8725239902713e-02  0.0000000000000e+00  0.0000000000000e+00 -1.6072182248194e+01  0.0000000000000e+00   0  0  1  1  0  0
   20  0.0000000000000e+00  0.0000000000000e+00  0.0000000000000e+00  0.0000000000000e+00 -0.0000000000000e+00  0.0000000000000e+00   0  0  1  0  1  0
   21  0.0000000000000e+00  0.0000000000000e+00  4.3726065753053e+02  6.5301990534817e+01 -0.0000000000000e+00  0.0000000000000e+00   0  0  1  0  0  1
   22 -5.7269704895475e-02 -4.6068996242367e-03  0.0000000000000e+00  0.0000000000000e+00 -3.7490567075732e+02  0.0000000000000e+00   0  0  0  2  0  0
   23  0.0000000000000e+00  0.0000000000000e+00  0.0000000000000e+00  0.0000000000000e+00 -0.0000000000000e+00  0.0000000000000e+00   0  0  0  1  1  0
   24  0.0000000000000e+00  0.0000000000000e+00 -1.5349440913264e+02  3.6871416965744e+02 -0.0000000000000e+00  0.0000000000000e+00   0  0  0  1  0  1
   25  0.0000000000000e+00  0.0000000000000e+00  0.0000000000000e+00  0.0000000000000e+00 -0.0000000000000e+00  0.0000000000000e+00   0  0  0  0  2  0
   26  0.0000000000000e+00  0.0000000000000e+00  0.0000000000000e+00  0.0000000000000e+00 -0.0000000000000e+00  0.0000000000000e+00   0  0  0  0  1  1
   27 -1.6923980951900e+00 -4.7064635065811e+00  0.0000000000000e+00  0.0000000000000e+00 -1.4789182734756e+01  0.0000000000000e+00   0  0  0  0  0  2
