#-------------------------------------------------------------------------------------------
#  name       suml     betax    alphax   psix     etax      etaxp    betay    alphay   psiy    
#-------------------------------------------------------------------------------------------
origin        0.000   48.280    0.000    0.000   44.663   -0.000 19027.256    0.000    0.000
mbegin        0.000   48.280    0.000    0.000   44.663   -0.000 19027.256    0.000    0.000
marcin        1.000   48.300   -0.021    0.021   44.663   -0.000 19027.256   -0.000    0.000
qch           1.000   48.300   -0.021    0.021   44.663   -0.000 19027.256   -0.000    0.000
qch           1.967   48.359   -0.041    0.041   44.663   -0.000 19027.388   -0.091    0.000
bh            2.450   48.403   -0.050    0.051   44.663   -0.000 19027.521   -0.182    0.000
qbh          18.158   47.299    0.117    0.376   44.656   -0.001 19033.334   -0.183    0.001
qbh          19.125   47.094    0.096    0.396   44.655   -0.000 19033.554   -0.091    0.001
bh           19.608   47.006    0.085    0.407   44.655   -0.000 19033.598    0.001    0.001
qah          35.316   42.466    0.188    0.756   44.654   -0.000 19033.585   -0.000    0.002
qah          36.283   42.124    0.165    0.779   44.653   -0.000 19033.717   -0.091    0.002
bh           36.766   41.971    0.153    0.790   44.653   -0.001 19033.849   -0.182    0.002
qbh          52.474   36.971    0.148    1.188   44.645   -0.001 19039.663   -0.183    0.003
qbh          53.441   36.711    0.121    1.215   44.645   -0.000 19039.883   -0.091    0.003
bh           53.924   36.601    0.107    1.228   44.644   -0.000 19039.927    0.001    0.003
bh           71.082   34.468   -0.021    1.715   44.644   -0.000 19039.912   -0.000    0.004
qbh          86.790   36.601   -0.107    2.160   44.644    0.000 19039.927   -0.001    0.005
qbh          87.756   36.835   -0.134    2.186   44.645    0.000 19039.795    0.091    0.005
bh           88.240   36.971   -0.148    2.199   44.645    0.001 19039.663    0.183    0.005
qah         103.948   41.971   -0.153    2.598   44.653    0.001 19033.849    0.182    0.006
qah         104.914   42.289   -0.177    2.620   44.654    0.000 19033.629    0.091    0.006
bh          105.398   42.466   -0.188    2.632   44.654    0.000 19033.585    0.000    0.006
qbh         121.106   47.006   -0.085    2.981   44.655    0.000 19033.598   -0.001    0.006
qbh         122.072   47.191   -0.106    3.002   44.655    0.000 19033.466    0.091    0.006
bh          122.556   47.299   -0.117    3.012   44.656    0.001 19033.334    0.183    0.007
qch         138.264   48.403    0.050    3.337   44.663    0.000 19027.521    0.182    0.007
qch         139.230   48.325    0.030    3.357   44.663    0.000 19027.300    0.091    0.007
marcout     139.714   48.300    0.021    3.367   44.663    0.000 19027.256    0.000    0.007
mhalf       140.714   48.280    0.000    3.388   44.663    0.000 19027.256    0.000    0.007
marcin      141.714   48.300   -0.021    3.408   44.663    0.000 19027.256   -0.000    0.008
qch         141.714   48.300   -0.021    3.408   44.663    0.000 19027.256   -0.000    0.008
qch         142.680   48.359   -0.041    3.428   44.663   -0.000 19027.388   -0.091    0.008
bh          143.164   48.403   -0.050    3.438   44.663   -0.000 19027.521   -0.182    0.008
qbh         158.872   47.299    0.117    3.763   44.656   -0.001 19033.334   -0.183    0.008
qbh         159.838   47.094    0.096    3.784   44.655   -0.000 19033.554   -0.091    0.008
bh          160.322   47.006    0.085    3.794   44.655   -0.000 19033.598    0.001    0.009
qah         176.030   42.466    0.188    4.143   44.654   -0.000 19033.585   -0.000    0.009
qah         176.996   42.124    0.165    4.166   44.653   -0.000 19033.717   -0.091    0.009
bh          177.480   41.971    0.153    4.178   44.653   -0.001 19033.849   -0.182    0.009
qbh         193.188   36.971    0.148    4.576   44.645   -0.001 19039.663   -0.183    0.010
qbh         194.154   36.711    0.121    4.602   44.645   -0.000 19039.883   -0.091    0.010
bh          194.638   36.601    0.107    4.615   44.645   -0.000 19039.927    0.001    0.010
bh          211.796   34.468   -0.021    5.102   44.644   -0.000 19039.912   -0.000    0.011
qbh         227.504   36.601   -0.107    5.547   44.645    0.000 19039.927   -0.001    0.012
qbh         228.470   36.835   -0.134    5.574   44.645    0.000 19039.795    0.091    0.012
bh          228.954   36.971   -0.148    5.587   44.645    0.001 19039.663    0.183    0.012
qah         244.661   41.971   -0.153    5.985   44.653    0.001 19033.849    0.182    0.013
qah         245.628   42.289   -0.177    6.008   44.654    0.000 19033.629    0.091    0.013
bh          246.111   42.466   -0.188    6.019   44.654    0.000 19033.585    0.000    0.013
qbh         261.819   47.006   -0.085    6.369   44.655    0.000 19033.598   -0.001    0.014
qbh         262.786   47.191   -0.106    6.389   44.655    0.000 19033.466    0.091    0.014
bh          263.269   47.299   -0.117    6.399   44.656    0.001 19033.334    0.183    0.014
qch         278.977   48.403    0.050    6.724   44.663    0.000 19027.521    0.182    0.015
qch         279.944   48.325    0.030    6.744   44.663    0.000 19027.300    0.091    0.015
marcout     280.427   48.300    0.021    6.754   44.663   -0.000 19027.256    0.000    0.015
mend        281.427   48.280    0.000    6.775   44.663   -0.000 19027.256    0.000    0.015
#-------------------------------------------------------------------------------------------
#  name       suml     betax    alphax   psix     etax     etaxp    betay    alphay   psiy    
#-------------------------------------------------------------------------------------------
