#-------------------------------------------------------------------------------------------
#  name       suml     betax    alphax   psix     etax      etaxp    betay    alphay   psiy    
#-------------------------------------------------------------------------------------------
origin        0.000    8.392    0.000    0.000    0.138    0.000    4.981    0.000    0.000
quadin        2.607    9.202   -0.311    0.301    0.138    0.000    6.345   -0.523    0.482
quad1         2.607    9.202   -0.311    0.301    0.138    0.000    6.345   -0.523    0.482
quadout       2.787    8.793    2.513    0.321    0.134   -0.043    6.921   -2.713    0.510
quadin        3.321    6.346    2.068    0.393    0.111   -0.043   10.163   -3.358    0.573
quad2         3.321    6.346    2.068    0.393    0.111   -0.043   10.163   -3.358    0.573
quadout       3.501    5.309    3.572    0.423    0.100   -0.076   12.033   -7.188    0.590
bendedge      3.813    3.332    2.763    0.498    0.076   -0.076   16.944   -8.553    0.612
bendin        3.813    3.332    2.763    0.498    0.076   -0.076   16.944   -8.553    0.612
bend          3.969    2.546    2.166    0.551    0.066   -0.049   19.632   -7.675    0.620
bend          4.125    1.924    1.699    0.622    0.061   -0.023   22.098   -6.718    0.628
bend          4.281    1.443    1.295    0.715    0.059    0.002   24.243   -5.473    0.634
bend          4.436    1.084    0.939    0.840    0.061    0.028   25.980   -3.989    0.641
bend          4.592    0.833    0.617    1.005    0.067    0.054   27.239   -2.325    0.646
bend          4.748    0.681    0.316    1.213    0.077    0.080   27.969   -0.550    0.652
bend          4.904    0.621    0.026    1.455    0.091    0.108   28.141    1.266    0.658
bend          5.060    0.652   -0.265    1.703    0.109    0.136   27.749    3.050    0.663
bend          5.216    0.774   -0.569    1.924    0.132    0.166   26.807    4.729    0.669
bend          5.371    0.992   -0.897    2.103    0.160    0.198   25.355    6.236    0.675
bendout       5.527    1.315   -1.262    2.240    0.192    0.232   23.449    7.510    0.681
bendedge      5.683    1.756   -1.589    2.342    0.230    0.256   21.168    7.441    0.688
quad3         6.595    6.321   -3.420    2.620    0.464    0.256    9.816    5.014    0.752
quadout       6.855    7.238    0.037    2.657    0.497   -0.000    8.568    0.031    0.781
quad3         7.386    7.238   -0.059    2.731    0.497    0.002    8.568   -0.005    0.843
quadout       7.646    6.321    3.420    2.768    0.464   -0.256    9.816   -5.014    0.872
bendedge      8.557    1.756    1.589    3.045    0.230   -0.256   21.168   -7.441    0.935
bendin        8.557    1.756    1.589    3.045    0.230   -0.256   21.168   -7.441    0.935
bend          8.713    1.315    1.176    3.148    0.192   -0.219   23.449   -5.991    0.942
bend          8.869    0.992    0.833    3.285    0.160   -0.188   25.355   -4.593    0.948
bend          9.025    0.774    0.519    3.464    0.132   -0.158   26.807   -2.992    0.954
bend          9.180    0.652    0.223    3.685    0.109   -0.129   27.749   -1.252    0.960
bend          9.336    0.621   -0.066    3.932    0.091   -0.102   28.141    0.557    0.966
bend          9.492    0.681   -0.361    4.174    0.077   -0.075   27.969    2.362    0.971
bend          9.648    0.833   -0.671    4.383    0.067   -0.049   27.239    4.090    0.977
bend          9.804    1.084   -1.009    4.548    0.061   -0.024   25.980    5.672    0.983
bend          9.960    1.443   -1.388    4.673    0.059    0.002   24.243    7.044    0.989
bend         10.115    1.924   -1.823    4.766    0.061    0.027   22.098    8.150    0.996
bendout      10.271    2.546   -2.331    4.837    0.066    0.053   19.632    8.947    1.003
bendedge     10.427    3.332   -2.763    4.890    0.076    0.076   16.944    8.553    1.012
quad2        10.739    5.309   -3.589    4.965    0.100    0.076   12.033    7.225    1.033
quadout      10.919    6.346   -2.068    4.995    0.111    0.043   10.163    3.358    1.050
quad1        11.453    8.793   -2.540    5.067    0.134    0.044    6.921    2.734    1.114
quadout      11.633    9.202    0.311    5.087    0.138    0.000    6.345    0.523    1.141
testpoint1   12.490    8.757    0.209    5.182    0.138    0.000    5.596    0.351    1.285
testpoint2   12.740    8.660    0.179    5.211    0.138    0.000    5.433    0.301    1.331
cellend      14.240    8.392   -0.000    5.388    0.138    0.000    4.981   -0.000    1.623
quadin       16.847    9.202   -0.311    5.689    0.138    0.000    6.345   -0.523    2.105
quad1        16.847    9.202   -0.311    5.689    0.138    0.000    6.345   -0.523    2.105
quadout      17.027    8.793    2.513    5.709    0.134   -0.043    6.921   -2.713    2.133
quadin       17.561    6.346    2.068    5.780    0.111   -0.043   10.163   -3.358    2.196
quad2        17.561    6.346    2.068    5.780    0.111   -0.043   10.163   -3.358    2.196
quadout      17.741    5.309    3.572    5.811    0.100   -0.076   12.033   -7.188    2.213
bendedge     18.053    3.332    2.763    5.885    0.076   -0.076   16.944   -8.553    2.235
bendin       18.053    3.332    2.763    5.885    0.076   -0.076   16.944   -8.553    2.235
bend         18.209    2.546    2.166    5.939    0.066   -0.049   19.632   -7.675    2.243
bend         18.365    1.924    1.699    6.009    0.061   -0.023   22.098   -6.718    2.251
bend         18.521    1.443    1.295    6.103    0.059    0.002   24.243   -5.473    2.258
bend         18.676    1.084    0.939    6.228    0.061    0.028   25.980   -3.989    2.264
bend         18.832    0.833    0.617    6.393    0.067    0.054   27.239   -2.325    2.270
bend         18.988    0.681    0.316    6.601    0.077    0.080   27.969   -0.550    2.275
bend         19.144    0.621    0.026    6.843    0.091    0.108   28.141    1.266    2.281
bend         19.300    0.652   -0.265    7.091    0.109    0.136   27.749    3.050    2.286
bend         19.456    0.774   -0.569    7.312    0.132    0.166   26.807    4.729    2.292
bend         19.611    0.992   -0.897    7.491    0.160    0.198   25.355    6.236    2.298
bendout      19.767    1.315   -1.262    7.628    0.192    0.232   23.449    7.510    2.304
bendedge     19.923    1.756   -1.589    7.730    0.230    0.256   21.168    7.441    2.311
quad3        20.835    6.321   -3.420    8.007    0.464    0.256    9.816    5.014    2.375
quadout      21.095    7.238    0.037    8.045    0.497    0.000    8.568    0.031    2.404
quad3        21.626    7.238   -0.059    8.118    0.497    0.002    8.568   -0.005    2.466
quadout      21.886    6.321    3.420    8.156    0.464   -0.256    9.816   -5.014    2.495
bendedge     22.797    1.756    1.589    8.433    0.230   -0.256   21.168   -7.441    2.558
bendin       22.797    1.756    1.589    8.433    0.230   -0.256   21.168   -7.441    2.558
bend         22.953    1.315    1.176    8.536    0.192   -0.219   23.449   -5.991    2.565
bend         23.109    0.992    0.833    8.673    0.160   -0.188   25.355   -4.593    2.571
bend         23.265    0.774    0.519    8.851    0.132   -0.158   26.807   -2.992    2.577
bend         23.420    0.652    0.223    9.073    0.109   -0.129   27.749   -1.252    2.583
bend         23.576    0.621   -0.066    9.320    0.091   -0.102   28.141    0.557    2.589
bend         23.732    0.681   -0.361    9.562    0.077   -0.075   27.969    2.362    2.594
bend         23.888    0.833   -0.671    9.771    0.067   -0.049   27.239    4.090    2.600
bend         24.044    1.084   -1.009    9.936    0.061   -0.024   25.980    5.672    2.606
bend         24.200    1.443   -1.388   10.060    0.059    0.002   24.243    7.044    2.612
bend         24.355    1.924   -1.823   10.154    0.061    0.027   22.098    8.150    2.619
bendout      24.511    2.546   -2.331   10.225    0.066    0.053   19.632    8.947    2.626
bendedge     24.667    3.332   -2.763   10.278    0.076    0.076   16.944    8.553    2.635
quad2        24.979    5.309   -3.589   10.352    0.100    0.076   12.033    7.225    2.657
quadout      25.159    6.346   -2.068   10.383    0.111    0.043   10.163    3.358    2.673
quad1        25.693    8.793   -2.540   10.455    0.134    0.044    6.921    2.734    2.737
quadout      25.873    9.202    0.311   10.474    0.138   -0.000    6.345    0.523    2.764
testpoint1   26.730    8.757    0.209   10.570    0.138   -0.000    5.596    0.351    2.908
testpoint2   26.980    8.660    0.179   10.599    0.138   -0.000    5.433    0.301    2.954
cellend      28.480    8.392   -0.000   10.776    0.138   -0.000    4.981    0.000    3.246
quadin       31.087    9.202   -0.311   11.077    0.138   -0.000    6.345   -0.523    3.728
quad1        31.087    9.202   -0.311   11.077    0.138   -0.000    6.345   -0.523    3.728
quadout      31.267    8.793    2.513   11.097    0.134   -0.043    6.921   -2.713    3.756
quadin       31.801    6.346    2.068   11.168    0.111   -0.043   10.163   -3.358    3.820
quad2        31.801    6.346    2.068   11.168    0.111   -0.043   10.163   -3.358    3.820
quadout      31.981    5.309    3.572   11.199    0.100   -0.076   12.033   -7.188    3.836
bendedge     32.293    3.332    2.763   11.273    0.076   -0.076   16.944   -8.553    3.858
bendin       32.293    3.332    2.763   11.273    0.076   -0.076   16.944   -8.553    3.858
bend         32.449    2.546    2.166   11.327    0.066   -0.049   19.632   -7.675    3.866
bend         32.605    1.924    1.699   11.397    0.061   -0.023   22.098   -6.718    3.874
bend         32.761    1.443    1.295   11.491    0.059    0.002   24.243   -5.473    3.881
bend         32.916    1.084    0.939   11.616    0.061    0.028   25.980   -3.989    3.887
bend         33.072    0.833    0.617   11.781    0.067    0.054   27.239   -2.325    3.893
bend         33.228    0.681    0.316   11.989    0.077    0.080   27.969   -0.550    3.898
bend         33.384    0.621    0.026   12.231    0.091    0.108   28.141    1.266    3.904
bend         33.540    0.652   -0.265   12.479    0.109    0.136   27.749    3.050    3.910
bend         33.696    0.774   -0.569   12.700    0.132    0.166   26.807    4.729    3.915
bend         33.851    0.992   -0.897   12.879    0.160    0.198   25.355    6.236    3.921
bendout      34.007    1.315   -1.262   13.015    0.192    0.232   23.449    7.510    3.928
bendedge     34.163    1.756   -1.589   13.118    0.230    0.256   21.168    7.441    3.935
quad3        35.075    6.321   -3.420   13.395    0.464    0.256    9.816    5.014    3.998
quadout      35.335    7.238    0.037   13.433    0.497    0.000    8.568    0.031    4.027
quad3        35.866    7.238   -0.059   13.506    0.497    0.002    8.568   -0.005    4.089
quadout      36.126    6.321    3.420   13.544    0.464   -0.256    9.816   -5.014    4.118
bendedge     37.037    1.756    1.589   13.821    0.230   -0.256   21.168   -7.441    4.181
bendin       37.037    1.756    1.589   13.821    0.230   -0.256   21.168   -7.441    4.181
bend         37.193    1.315    1.176   13.924    0.192   -0.219   23.449   -5.991    4.188
bend         37.349    0.992    0.833   14.061    0.160   -0.188   25.355   -4.593    4.195
bend         37.505    0.774    0.519   14.239    0.132   -0.158   26.807   -2.992    4.201
bend         37.660    0.652    0.223   14.461    0.109   -0.129   27.749   -1.252    4.206
bend         37.816    0.621   -0.066   14.708    0.091   -0.102   28.141    0.557    4.212
bend         37.972    0.681   -0.361   14.950    0.077   -0.075   27.969    2.362    4.217
bend         38.128    0.833   -0.671   15.159    0.067   -0.049   27.239    4.090    4.223
bend         38.284    1.084   -1.009   15.323    0.061   -0.024   25.980    5.672    4.229
bend         38.440    1.443   -1.388   15.448    0.059    0.002   24.243    7.044    4.235
bend         38.595    1.924   -1.823   15.542    0.061    0.027   22.098    8.150    4.242
bendout      38.751    2.546   -2.331   15.612    0.066    0.053   19.632    8.947    4.249
bendedge     38.907    3.332   -2.763   15.666    0.076    0.076   16.944    8.553    4.258
quad2        39.219    5.309   -3.589   15.740    0.100    0.076   12.033    7.225    4.280
quadout      39.399    6.346   -2.068   15.771    0.111    0.043   10.163    3.358    4.296
quad1        39.933    8.793   -2.540   15.842    0.134    0.044    6.921    2.734    4.360
quadout      40.113    9.202    0.311   15.862    0.138   -0.000    6.345    0.523    4.387
testpoint1   40.970    8.757    0.209   15.958    0.138   -0.000    5.596    0.351    4.532
testpoint2   41.220    8.660    0.179   15.987    0.138   -0.000    5.433    0.301    4.577
cellend      42.720    8.392    0.000   16.163    0.138   -0.000    4.981   -0.000    4.869
quadin       45.327    9.202   -0.311   16.465    0.138   -0.000    6.345   -0.523    5.352
quad1        45.327    9.202   -0.311   16.465    0.138   -0.000    6.345   -0.523    5.352
quadout      45.507    8.793    2.513   16.485    0.134   -0.043    6.921   -2.713    5.379
quadin       46.041    6.346    2.068   16.556    0.111   -0.043   10.163   -3.358    5.443
quad2        46.041    6.346    2.068   16.556    0.111   -0.043   10.163   -3.358    5.443
quadout      46.221    5.309    3.572   16.587    0.100   -0.076   12.033   -7.188    5.459
bendedge     46.533    3.332    2.763   16.661    0.076   -0.076   16.944   -8.553    5.481
bendin       46.533    3.332    2.763   16.661    0.076   -0.076   16.944   -8.553    5.481
bend         46.689    2.546    2.166   16.715    0.066   -0.049   19.632   -7.675    5.490
bend         46.845    1.924    1.699   16.785    0.061   -0.023   22.098   -6.718    5.497
bend         47.001    1.443    1.295   16.879    0.059    0.002   24.243   -5.473    5.504
bend         47.156    1.084    0.939   17.004    0.061    0.028   25.980   -3.989    5.510
bend         47.312    0.833    0.617   17.168    0.067    0.054   27.239   -2.325    5.516
bend         47.468    0.681    0.316   17.377    0.077    0.080   27.969   -0.550    5.522
bend         47.624    0.621    0.026   17.619    0.091    0.108   28.141    1.266    5.527
bend         47.780    0.652   -0.265   17.866    0.109    0.136   27.749    3.050    5.533
bend         47.936    0.774   -0.569   18.088    0.132    0.166   26.807    4.729    5.538
bend         48.091    0.992   -0.897   18.266    0.160    0.198   25.355    6.236    5.544
bendout      48.247    1.315   -1.262   18.403    0.192    0.232   23.449    7.510    5.551
bendedge     48.403    1.756   -1.589   18.506    0.230    0.256   21.168    7.441    5.558
quad3        49.315    6.321   -3.420   18.783    0.464    0.256    9.816    5.014    5.621
quadout      49.575    7.238    0.037   18.821    0.497    0.000    8.568    0.031    5.650
quad3        50.106    7.238   -0.059   18.894    0.497    0.002    8.568   -0.005    5.712
quadout      50.366    6.321    3.420   18.932    0.464   -0.256    9.816   -5.014    5.741
bendedge     51.277    1.756    1.589   19.209    0.230   -0.256   21.168   -7.441    5.804
bendin       51.277    1.756    1.589   19.209    0.230   -0.256   21.168   -7.441    5.804
bend         51.433    1.315    1.176   19.312    0.192   -0.219   23.449   -5.991    5.811
bend         51.589    0.992    0.833   19.448    0.160   -0.188   25.355   -4.593    5.818
bend         51.745    0.774    0.519   19.627    0.132   -0.158   26.807   -2.992    5.824
bend         51.900    0.652    0.223   19.848    0.109   -0.129   27.749   -1.252    5.829
bend         52.056    0.621   -0.066   20.096    0.091   -0.102   28.141    0.557    5.835
bend         52.212    0.681   -0.361   20.338    0.077   -0.075   27.969    2.362    5.841
bend         52.368    0.833   -0.671   20.546    0.067   -0.049   27.239    4.090    5.846
bend         52.524    1.084   -1.009   20.711    0.061   -0.024   25.980    5.672    5.852
bend         52.680    1.443   -1.388   20.836    0.059    0.002   24.243    7.044    5.858
bend         52.835    1.924   -1.823   20.930    0.061    0.027   22.098    8.150    5.865
bendout      52.991    2.546   -2.331   21.000    0.066    0.053   19.632    8.947    5.872
bendedge     53.147    3.332   -2.763   21.054    0.076    0.076   16.944    8.553    5.881
quad2        53.459    5.309   -3.589   21.128    0.100    0.076   12.033    7.225    5.903
quadout      53.639    6.346   -2.068   21.159    0.111    0.043   10.163    3.358    5.919
quad1        54.173    8.793   -2.540   21.230    0.134    0.044    6.921    2.734    5.983
quadout      54.353    9.202    0.311   21.250    0.138   -0.000    6.345    0.523    6.010
testpoint1   55.210    8.757    0.209   21.346    0.138   -0.000    5.596    0.351    6.155
testpoint2   55.460    8.660    0.179   21.374    0.138   -0.000    5.433    0.301    6.200
cellend      56.960    8.392    0.000   21.551    0.138   -0.000    4.981    0.000    6.493
quadin       59.567    9.202   -0.311   21.853    0.138   -0.000    6.345   -0.523    6.975
quad1        59.567    9.202   -0.311   21.853    0.138   -0.000    6.345   -0.523    6.975
quadout      59.747    8.793    2.513   21.872    0.134   -0.043    6.921   -2.713    7.002
quadin       60.281    6.346    2.068   21.944    0.111   -0.043   10.163   -3.358    7.066
quad2        60.281    6.346    2.068   21.944    0.111   -0.043   10.163   -3.358    7.066
quadout      60.461    5.309    3.572   21.975    0.100   -0.076   12.033   -7.188    7.082
bendedge     60.773    3.332    2.763   22.049    0.076   -0.076   16.944   -8.553    7.104
bendin       60.773    3.332    2.763   22.049    0.076   -0.076   16.944   -8.553    7.104
bend         60.929    2.546    2.166   22.102    0.066   -0.049   19.632   -7.675    7.113
bend         61.085    1.924    1.699   22.173    0.061   -0.023   22.098   -6.718    7.120
bend         61.241    1.443    1.295   22.267    0.059    0.002   24.243   -5.473    7.127
bend         61.396    1.084    0.939   22.391    0.061    0.028   25.980   -3.989    7.133
bend         61.552    0.833    0.617   22.556    0.067    0.054   27.239   -2.325    7.139
bend         61.708    0.681    0.316   22.765    0.077    0.080   27.969   -0.550    7.145
bend         61.864    0.621    0.026   23.007    0.091    0.108   28.141    1.266    7.150
bend         62.020    0.652   -0.265   23.254    0.109    0.136   27.749    3.050    7.156
bend         62.176    0.774   -0.569   23.475    0.132    0.166   26.807    4.729    7.162
bend         62.331    0.992   -0.897   23.654    0.160    0.198   25.355    6.236    7.168
bendout      62.487    1.315   -1.262   23.791    0.192    0.232   23.449    7.510    7.174
bendedge     62.643    1.756   -1.589   23.894    0.230    0.256   21.168    7.441    7.181
quad3        63.555    6.321   -3.420   24.171    0.464    0.256    9.816    5.014    7.244
quadout      63.815    7.238    0.037   24.209    0.497    0.000    8.568    0.031    7.273
quad3        64.346    7.238   -0.059   24.282    0.497    0.002    8.568   -0.005    7.335
quadout      64.606    6.321    3.420   24.320    0.464   -0.256    9.816   -5.014    7.364
bendedge     65.517    1.756    1.589   24.597    0.230   -0.256   21.168   -7.441    7.427
bendin       65.517    1.756    1.589   24.597    0.230   -0.256   21.168   -7.441    7.427
bend         65.673    1.315    1.176   24.699    0.192   -0.219   23.449   -5.991    7.434
bend         65.829    0.992    0.833   24.836    0.160   -0.188   25.355   -4.593    7.441
bend         65.985    0.774    0.519   25.015    0.132   -0.158   26.807   -2.992    7.447
bend         66.140    0.652    0.223   25.236    0.109   -0.129   27.749   -1.252    7.453
bend         66.296    0.621   -0.066   25.484    0.091   -0.102   28.141    0.557    7.458
bend         66.452    0.681   -0.361   25.726    0.077   -0.075   27.969    2.362    7.464
bend         66.608    0.833   -0.671   25.934    0.067   -0.049   27.239    4.090    7.469
bend         66.764    1.084   -1.009   26.099    0.061   -0.024   25.980    5.672    7.475
bend         66.920    1.443   -1.388   26.224    0.059    0.002   24.243    7.044    7.481
bend         67.075    1.924   -1.823   26.318    0.061    0.027   22.098    8.150    7.488
bendout      67.231    2.546   -2.331   26.388    0.066    0.053   19.632    8.947    7.496
bendedge     67.387    3.332   -2.763   26.442    0.076    0.076   16.944    8.553    7.504
quad2        67.699    5.309   -3.589   26.516    0.100    0.076   12.033    7.225    7.526
quadout      67.879    6.346   -2.068   26.547    0.111    0.043   10.163    3.358    7.542
quad1        68.413    8.793   -2.540   26.618    0.134    0.044    6.921    2.734    7.606
quadout      68.593    9.202    0.311   26.638    0.138    0.000    6.345    0.523    7.634
testpoint1   69.450    8.757    0.209   26.734    0.138    0.000    5.596    0.351    7.778
testpoint2   69.700    8.660    0.179   26.762    0.138    0.000    5.433    0.301    7.823
cellend      71.200    8.392   -0.000   26.939    0.138    0.000    4.981   -0.000    8.116
quadin       73.807    9.202   -0.311   27.240    0.138    0.000    6.345   -0.523    8.598
quad1        73.807    9.202   -0.311   27.240    0.138    0.000    6.345   -0.523    8.598
quadout      73.987    8.793    2.513   27.260    0.134   -0.043    6.921   -2.713    8.625
quadin       74.521    6.346    2.068   27.332    0.111   -0.043   10.163   -3.358    8.689
quad2        74.521    6.346    2.068   27.332    0.111   -0.043   10.163   -3.358    8.689
quadout      74.701    5.309    3.572   27.362    0.100   -0.076   12.033   -7.188    8.706
bendedge     75.013    3.332    2.763   27.437    0.076   -0.076   16.944   -8.553    8.727
bendin       75.013    3.332    2.763   27.437    0.076   -0.076   16.944   -8.553    8.727
bend         75.169    2.546    2.166   27.490    0.066   -0.049   19.632   -7.675    8.736
bend         75.325    1.924    1.699   27.561    0.061   -0.023   22.098   -6.718    8.743
bend         75.481    1.443    1.295   27.654    0.059    0.002   24.243   -5.473    8.750
bend         75.636    1.084    0.939   27.779    0.061    0.028   25.980   -3.989    8.756
bend         75.792    0.833    0.617   27.944    0.067    0.054   27.239   -2.325    8.762
bend         75.948    0.681    0.316   28.153    0.077    0.080   27.969   -0.550    8.768
bend         76.104    0.621    0.026   28.395    0.091    0.108   28.141    1.266    8.773
bend         76.260    0.652   -0.265   28.642    0.109    0.136   27.749    3.050    8.779
bend         76.416    0.774   -0.569   28.863    0.132    0.166   26.807    4.729    8.785
bend         76.571    0.992   -0.897   29.042    0.160    0.198   25.355    6.236    8.791
bendout      76.727    1.315   -1.262   29.179    0.192    0.232   23.449    7.510    8.797
bendedge     76.883    1.756   -1.589   29.282    0.230    0.256   21.168    7.441    8.804
quad3        77.795    6.321   -3.420   29.559    0.464    0.256    9.816    5.014    8.867
quadout      78.055    7.238    0.037   29.596    0.497   -0.000    8.568    0.031    8.896
quad3        78.586    7.238   -0.059   29.670    0.497    0.002    8.568   -0.005    8.958
quadout      78.846    6.321    3.420   29.707    0.464   -0.256    9.816   -5.014    8.987
bendedge     79.757    1.756    1.589   29.985    0.230   -0.256   21.168   -7.441    9.051
bendin       79.757    1.756    1.589   29.985    0.230   -0.256   21.168   -7.441    9.051
bend         79.913    1.315    1.176   30.087    0.192   -0.219   23.449   -5.991    9.058
bend         80.069    0.992    0.833   30.224    0.160   -0.188   25.355   -4.593    9.064
bend         80.225    0.774    0.519   30.403    0.132   -0.158   26.807   -2.992    9.070
bend         80.380    0.652    0.223   30.624    0.109   -0.129   27.749   -1.252    9.076
bend         80.536    0.621   -0.066   30.872    0.091   -0.102   28.141    0.557    9.081
bend         80.692    0.681   -0.361   31.114    0.077   -0.075   27.969    2.362    9.087
bend         80.848    0.833   -0.671   31.322    0.067   -0.049   27.239    4.090    9.093
bend         81.004    1.084   -1.009   31.487    0.061   -0.024   25.980    5.672    9.098
bend         81.160    1.443   -1.388   31.612    0.059    0.002   24.243    7.044    9.105
bend         81.315    1.924   -1.823   31.705    0.061    0.027   22.098    8.150    9.111
bendout      81.471    2.546   -2.331   31.776    0.066    0.053   19.632    8.947    9.119
bendedge     81.627    3.332   -2.763   31.829    0.076    0.076   16.944    8.553    9.127
quad2        81.939    5.309   -3.589   31.904    0.100    0.076   12.033    7.225    9.149
quadout      82.119    6.346   -2.068   31.934    0.111    0.043   10.163    3.358    9.166
quad1        82.653    8.793   -2.540   32.006    0.134    0.044    6.921    2.734    9.229
quadout      82.833    9.202    0.311   32.026    0.138    0.000    6.345    0.523    9.257
testpoint1   83.690    8.757    0.209   32.121    0.138    0.000    5.596    0.351    9.401
testpoint2   83.940    8.660    0.179   32.150    0.138    0.000    5.433    0.301    9.446
cellend      85.440    8.392   -0.000   32.327    0.138    0.000    4.981    0.000    9.739
quadin       88.047    9.202   -0.311   32.628    0.138    0.000    6.345   -0.523   10.221
quad1        88.047    9.202   -0.311   32.628    0.138    0.000    6.345   -0.523   10.221
quadout      88.227    8.793    2.513   32.648    0.134   -0.043    6.921   -2.713   10.249
quadin       88.761    6.346    2.068   32.720    0.111   -0.043   10.163   -3.358   10.312
quad2        88.761    6.346    2.068   32.720    0.111   -0.043   10.163   -3.358   10.312
quadout      88.941    5.309    3.572   32.750    0.100   -0.076   12.033   -7.188   10.329
bendedge     89.253    3.332    2.763   32.825    0.076   -0.076   16.944   -8.553   10.351
bendin       89.253    3.332    2.763   32.825    0.076   -0.076   16.944   -8.553   10.351
bend         89.409    2.546    2.166   32.878    0.066   -0.049   19.632   -7.675   10.359
bend         89.565    1.924    1.699   32.949    0.061   -0.023   22.098   -6.718   10.367
bend         89.721    1.443    1.295   33.042    0.059    0.002   24.243   -5.473   10.373
bend         89.877    1.084    0.939   33.167    0.061    0.028   25.980   -3.989   10.380
bend         90.032    0.833    0.617   33.332    0.067    0.054   27.239   -2.325   10.385
bend         90.188    0.681    0.316   33.540    0.077    0.080   27.969   -0.550   10.391
bend         90.344    0.621    0.026   33.782    0.091    0.108   28.141    1.266   10.397
bend         90.500    0.652   -0.265   34.030    0.109    0.136   27.749    3.050   10.402
bend         90.656    0.774   -0.569   34.251    0.132    0.166   26.807    4.729   10.408
bend         90.812    0.992   -0.897   34.430    0.160    0.198   25.355    6.236   10.414
bendout      90.967    1.315   -1.262   34.567    0.192    0.232   23.449    7.510   10.420
bendedge     91.123    1.756   -1.589   34.669    0.230    0.256   21.168    7.441   10.427
quad3        92.035    6.321   -3.420   34.947    0.464    0.256    9.816    5.014   10.491
quadout      92.295    7.238    0.037   34.984    0.497   -0.000    8.568    0.031   10.520
quad3        92.826    7.238   -0.059   35.058    0.497    0.002    8.568   -0.005   10.582
quadout      93.086    6.321    3.420   35.095    0.464   -0.256    9.816   -5.014   10.611
bendedge     93.997    1.756    1.589   35.372    0.230   -0.256   21.168   -7.441   10.674
bendin       93.997    1.756    1.589   35.372    0.230   -0.256   21.168   -7.441   10.674
bend         94.153    1.315    1.176   35.475    0.192   -0.219   23.449   -5.991   10.681
bend         94.309    0.992    0.833   35.612    0.160   -0.188   25.355   -4.593   10.687
bend         94.465    0.774    0.519   35.791    0.132   -0.158   26.807   -2.992   10.693
bend         94.621    0.652    0.223   36.012    0.109   -0.129   27.749   -1.252   10.699
bend         94.776    0.621   -0.066   36.259    0.091   -0.102   28.141    0.557   10.704
bend         94.932    0.681   -0.361   36.501    0.077   -0.075   27.969    2.362   10.710
bend         95.088    0.833   -0.671   36.710    0.067   -0.049   27.239    4.090   10.716
bend         95.244    1.084   -1.009   36.875    0.061   -0.024   25.980    5.672   10.722
bend         95.400    1.443   -1.388   37.000    0.059    0.002   24.243    7.044   10.728
bend         95.556    1.924   -1.823   37.093    0.061    0.027   22.098    8.150   10.734
bendout      95.711    2.546   -2.331   37.164    0.066    0.053   19.632    8.947   10.742
bendedge     95.867    3.332   -2.763   37.217    0.076    0.076   16.944    8.553   10.750
quad2        96.179    5.309   -3.589   37.292    0.100    0.076   12.033    7.225   10.772
quadout      96.359    6.346   -2.068   37.322    0.111    0.043   10.163    3.358   10.789
quad1        96.893    8.793   -2.540   37.394    0.134    0.044    6.921    2.734   10.852
quadout      97.073    9.202    0.311   37.414    0.138    0.000    6.345    0.523   10.880
testpoint1   97.930    8.757    0.209   37.509    0.138    0.000    5.596    0.351   11.024
testpoint2   98.180    8.660    0.179   37.538    0.138    0.000    5.433    0.301   11.070
cellend      99.680    8.392    0.000   37.715    0.138    0.000    4.981   -0.000   11.362
quadin      102.287    9.202   -0.311   38.016    0.138    0.000    6.345   -0.523   11.844
quad1       102.287    9.202   -0.311   38.016    0.138    0.000    6.345   -0.523   11.844
quadout     102.467    8.793    2.513   38.036    0.134   -0.043    6.921   -2.713   11.872
quadin      103.001    6.346    2.068   38.107    0.111   -0.043   10.163   -3.358   11.935
quad2       103.001    6.346    2.068   38.107    0.111   -0.043   10.163   -3.358   11.935
quadout     103.181    5.309    3.572   38.138    0.100   -0.076   12.033   -7.188   11.952
bendedge    103.493    3.332    2.763   38.212    0.076   -0.076   16.944   -8.553   11.974
bendin      103.493    3.332    2.763   38.212    0.076   -0.076   16.944   -8.553   11.974
bend        103.649    2.546    2.166   38.266    0.066   -0.049   19.632   -7.675   11.982
bend        103.805    1.924    1.699   38.336    0.061   -0.023   22.098   -6.718   11.990
bend        103.961    1.443    1.295   38.430    0.059    0.002   24.243   -5.473   11.996
bend        104.117    1.084    0.939   38.555    0.061    0.028   25.980   -3.989   12.003
bend        104.272    0.833    0.617   38.720    0.067    0.054   27.239   -2.325   12.009
bend        104.428    0.681    0.316   38.928    0.077    0.080   27.969   -0.550   12.014
bend        104.584    0.621    0.026   39.170    0.091    0.108   28.141    1.266   12.020
bend        104.740    0.652   -0.265   39.418    0.109    0.136   27.749    3.050   12.025
bend        104.896    0.774   -0.569   39.639    0.132    0.166   26.807    4.729   12.031
bend        105.052    0.992   -0.897   39.818    0.160    0.198   25.355    6.236   12.037
bendout     105.207    1.315   -1.262   39.955    0.192    0.232   23.449    7.510   12.043
bendedge    105.363    1.756   -1.589   40.057    0.230    0.256   21.168    7.441   12.050
quad3       106.275    6.321   -3.420   40.334    0.464    0.256    9.816    5.014   12.114
quadout     106.535    7.238    0.037   40.372    0.497   -0.000    8.568    0.031   12.143
quad3       107.066    7.238   -0.059   40.445    0.497    0.002    8.568   -0.005   12.205
quadout     107.326    6.321    3.420   40.483    0.464   -0.256    9.816   -5.014   12.234
bendedge    108.237    1.756    1.589   40.760    0.230   -0.256   21.168   -7.441   12.297
bendin      108.237    1.756    1.589   40.760    0.230   -0.256   21.168   -7.441   12.297
bend        108.393    1.315    1.176   40.863    0.192   -0.219   23.449   -5.991   12.304
bend        108.549    0.992    0.833   41.000    0.160   -0.188   25.355   -4.593   12.310
bend        108.705    0.774    0.519   41.178    0.132   -0.158   26.807   -2.992   12.316
bend        108.861    0.652    0.223   41.400    0.109   -0.129   27.749   -1.252   12.322
bend        109.016    0.621   -0.066   41.647    0.091   -0.102   28.141    0.557   12.328
bend        109.172    0.681   -0.361   41.889    0.077   -0.075   27.969    2.362   12.333
bend        109.328    0.833   -0.671   42.098    0.067   -0.049   27.239    4.090   12.339
bend        109.484    1.084   -1.009   42.263    0.061   -0.024   25.980    5.672   12.345
bend        109.640    1.443   -1.388   42.387    0.059    0.002   24.243    7.044   12.351
bend        109.796    1.924   -1.823   42.481    0.061    0.027   22.098    8.150   12.358
bendout     109.951    2.546   -2.331   42.552    0.066    0.053   19.632    8.947   12.365
bendedge    110.107    3.332   -2.763   42.605    0.076    0.076   16.944    8.553   12.374
quad2       110.419    5.309   -3.589   42.679    0.100    0.076   12.033    7.225   12.395
quadout     110.599    6.346   -2.068   42.710    0.111    0.043   10.163    3.358   12.412
quad1       111.133    8.793   -2.540   42.782    0.134    0.044    6.921    2.734   12.476
quadout     111.313    9.202    0.311   42.801    0.138    0.000    6.345    0.523   12.503
testpoint1  112.170    8.757    0.209   42.897    0.138    0.000    5.596    0.351   12.647
testpoint2  112.420    8.660    0.179   42.926    0.138    0.000    5.433    0.301   12.693
cellend     113.920    8.392   -0.000   43.103    0.138    0.000    4.981    0.000   12.985
quadin      116.527    9.202   -0.311   43.404    0.138    0.000    6.345   -0.523   13.467
quad1       116.527    9.202   -0.311   43.404    0.138    0.000    6.345   -0.523   13.467
quadout     116.707    8.793    2.513   43.424    0.134   -0.043    6.921   -2.713   13.495
quadin      117.241    6.346    2.068   43.495    0.111   -0.043   10.163   -3.358   13.559
quad2       117.241    6.346    2.068   43.495    0.111   -0.043   10.163   -3.358   13.559
quadout     117.421    5.309    3.572   43.526    0.100   -0.076   12.033   -7.188   13.575
bendedge    117.733    3.332    2.763   43.600    0.076   -0.076   16.944   -8.553   13.597
bendin      117.733    3.332    2.763   43.600    0.076   -0.076   16.944   -8.553   13.597
bend        117.889    2.546    2.166   43.654    0.066   -0.049   19.632   -7.675   13.605
bend        118.045    1.924    1.699   43.724    0.061   -0.023   22.098   -6.718   13.613
bend        118.201    1.443    1.295   43.818    0.059    0.002   24.243   -5.473   13.620
bend        118.357    1.084    0.939   43.943    0.061    0.028   25.980   -3.989   13.626
bend        118.512    0.833    0.617   44.108    0.067    0.054   27.239   -2.325   13.632
bend        118.668    0.681    0.316   44.316    0.077    0.080   27.969   -0.550   13.637
bend        118.824    0.621    0.026   44.558    0.091    0.108   28.141    1.266   13.643
bend        118.980    0.652   -0.265   44.806    0.109    0.136   27.749    3.050   13.648
bend        119.136    0.774   -0.569   45.027    0.132    0.166   26.807    4.729   13.654
bend        119.292    0.992   -0.897   45.206    0.160    0.198   25.355    6.236   13.660
bendout     119.447    1.315   -1.262   45.342    0.192    0.232   23.449    7.510   13.667
bendedge    119.603    1.756   -1.589   45.445    0.230    0.256   21.168    7.441   13.674
quad3       120.515    6.321   -3.420   45.722    0.464    0.256    9.816    5.014   13.737
quadout     120.775    7.238    0.037   45.760    0.497    0.000    8.568    0.031   13.766
quad3       121.306    7.238   -0.059   45.833    0.497    0.002    8.568   -0.005   13.828
quadout     121.566    6.321    3.420   45.871    0.464   -0.256    9.816   -5.014   13.857
bendedge    122.477    1.756    1.589   46.148    0.230   -0.256   21.168   -7.441   13.920
bendin      122.477    1.756    1.589   46.148    0.230   -0.256   21.168   -7.441   13.920
bend        122.633    1.315    1.176   46.251    0.192   -0.219   23.449   -5.991   13.927
bend        122.789    0.992    0.833   46.388    0.160   -0.188   25.355   -4.593   13.934
bend        122.945    0.774    0.519   46.566    0.132   -0.158   26.807   -2.992   13.939
bend        123.101    0.652    0.223   46.788    0.109   -0.129   27.749   -1.252   13.945
bend        123.256    0.621   -0.066   47.035    0.091   -0.102   28.141    0.557   13.951
bend        123.412    0.681   -0.361   47.277    0.077   -0.075   27.969    2.362   13.956
bend        123.568    0.833   -0.671   47.486    0.067   -0.049   27.239    4.090   13.962
bend        123.724    1.084   -1.009   47.650    0.061   -0.024   25.980    5.672   13.968
bend        123.880    1.443   -1.388   47.775    0.059    0.002   24.243    7.044   13.974
bend        124.036    1.924   -1.823   47.869    0.061    0.027   22.098    8.150   13.981
bendout     124.191    2.546   -2.331   47.939    0.066    0.053   19.632    8.947   13.988
bendedge    124.347    3.332   -2.763   47.993    0.076    0.076   16.944    8.553   13.997
quad2       124.659    5.309   -3.589   48.067    0.100    0.076   12.033    7.225   14.019
quadout     124.839    6.346   -2.068   48.098    0.111    0.043   10.163    3.358   14.035
quad1       125.373    8.793   -2.540   48.169    0.134    0.044    6.921    2.734   14.099
quadout     125.553    9.202    0.311   48.189    0.138   -0.000    6.345    0.523   14.126
testpoint1  126.410    8.757    0.209   48.285    0.138   -0.000    5.596    0.351   14.271
testpoint2  126.660    8.660    0.179   48.314    0.138   -0.000    5.433    0.301   14.316
cellend     128.160    8.392   -0.000   48.490    0.138   -0.000    4.981   -0.000   14.608
quadin      130.767    9.202   -0.311   48.792    0.138   -0.000    6.345   -0.523   15.091
quad1       130.767    9.202   -0.311   48.792    0.138   -0.000    6.345   -0.523   15.091
quadout     130.947    8.793    2.513   48.812    0.134   -0.043    6.921   -2.713   15.118
quadin      131.481    6.346    2.068   48.883    0.111   -0.043   10.163   -3.358   15.182
quad2       131.481    6.346    2.068   48.883    0.111   -0.043   10.163   -3.358   15.182
quadout     131.661    5.309    3.572   48.914    0.100   -0.076   12.033   -7.188   15.198
bendedge    131.973    3.332    2.763   48.988    0.076   -0.076   16.944   -8.553   15.220
bendin      131.973    3.332    2.763   48.988    0.076   -0.076   16.944   -8.553   15.220
bend        132.129    2.546    2.166   49.042    0.066   -0.049   19.632   -7.675   15.229
bend        132.285    1.924    1.699   49.112    0.061   -0.023   22.098   -6.718   15.236
bend        132.441    1.443    1.295   49.206    0.059    0.002   24.243   -5.473   15.243
bend        132.597    1.084    0.939   49.331    0.061    0.028   25.980   -3.989   15.249
bend        132.752    0.833    0.617   49.495    0.067    0.054   27.239   -2.325   15.255
bend        132.908    0.681    0.316   49.704    0.077    0.080   27.969   -0.550   15.260
bend        133.064    0.621    0.026   49.946    0.091    0.108   28.141    1.266   15.266
bend        133.220    0.652   -0.265   50.193    0.109    0.136   27.749    3.050   15.272
bend        133.376    0.774   -0.569   50.415    0.132    0.166   26.807    4.729   15.277
bend        133.532    0.992   -0.897   50.593    0.160    0.198   25.355    6.236   15.283
bendout     133.687    1.315   -1.262   50.730    0.192    0.232   23.449    7.510   15.290
bendedge    133.843    1.756   -1.589   50.833    0.230    0.256   21.168    7.441   15.297
quad3       134.755    6.321   -3.420   51.110    0.464    0.256    9.816    5.014   15.360
quadout     135.015    7.238    0.037   51.148    0.497    0.000    8.568    0.031   15.389
quad3       135.546    7.238   -0.059   51.221    0.497    0.002    8.568   -0.005   15.451
quadout     135.806    6.321    3.420   51.259    0.464   -0.256    9.816   -5.014   15.480
bendedge    136.717    1.756    1.589   51.536    0.230   -0.256   21.168   -7.441   15.543
bendin      136.717    1.756    1.589   51.536    0.230   -0.256   21.168   -7.441   15.543
bend        136.873    1.315    1.176   51.639    0.192   -0.219   23.449   -5.991   15.550
bend        137.029    0.992    0.833   51.775    0.160   -0.188   25.355   -4.593   15.557
bend        137.185    0.774    0.519   51.954    0.132   -0.158   26.807   -2.992   15.563
bend        137.341    0.652    0.223   52.175    0.109   -0.129   27.749   -1.252   15.568
bend        137.496    0.621   -0.066   52.423    0.091   -0.102   28.141    0.557   15.574
bend        137.652    0.681   -0.361   52.665    0.077   -0.075   27.969    2.362   15.579
bend        137.808    0.833   -0.671   52.873    0.067   -0.049   27.239    4.090   15.585
bend        137.964    1.084   -1.009   53.038    0.061   -0.024   25.980    5.672   15.591
bend        138.120    1.443   -1.388   53.163    0.059    0.002   24.243    7.044   15.597
bend        138.276    1.924   -1.823   53.257    0.061    0.027   22.098    8.150   15.604
bendout     138.431    2.546   -2.331   53.327    0.066    0.053   19.632    8.947   15.611
bendedge    138.587    3.332   -2.763   53.381    0.076    0.076   16.944    8.553   15.620
quad2       138.899    5.309   -3.589   53.455    0.100    0.076   12.033    7.225   15.642
quadout     139.079    6.346   -2.068   53.486    0.111    0.043   10.163    3.358   15.658
quad1       139.613    8.793   -2.540   53.557    0.134    0.044    6.921    2.734   15.722
quadout     139.793    9.202    0.311   53.577    0.138   -0.000    6.345    0.523   15.749
testpoint1  140.650    8.757    0.209   53.673    0.138   -0.000    5.596    0.351   15.894
testpoint2  140.900    8.660    0.179   53.701    0.138   -0.000    5.433    0.301   15.939
cellend     142.400    8.392    0.000   53.878    0.138   -0.000    4.981    0.000   16.232
quadin      145.007    9.202   -0.311   54.180    0.138   -0.000    6.345   -0.523   16.714
quad1       145.007    9.202   -0.311   54.180    0.138   -0.000    6.345   -0.523   16.714
quadout     145.187    8.793    2.513   54.199    0.134   -0.043    6.921   -2.713   16.741
quadin      145.721    6.346    2.068   54.271    0.111   -0.043   10.163   -3.358   16.805
quad2       145.721    6.346    2.068   54.271    0.111   -0.043   10.163   -3.358   16.805
quadout     145.901    5.309    3.572   54.302    0.100   -0.076   12.033   -7.188   16.821
bendedge    146.213    3.332    2.763   54.376    0.076   -0.076   16.944   -8.553   16.843
bendin      146.213    3.332    2.763   54.376    0.076   -0.076   16.944   -8.553   16.843
bend        146.369    2.546    2.166   54.429    0.066   -0.049   19.632   -7.675   16.852
bend        146.525    1.924    1.699   54.500    0.061   -0.023   22.098   -6.718   16.859
bend        146.681    1.443    1.295   54.594    0.059    0.002   24.243   -5.473   16.866
bend        146.837    1.084    0.939   54.718    0.061    0.028   25.980   -3.989   16.872
bend        146.992    0.833    0.617   54.883    0.067    0.054   27.239   -2.325   16.878
bend        147.148    0.681    0.316   55.092    0.077    0.080   27.969   -0.550   16.884
bend        147.304    0.621    0.026   55.334    0.091    0.108   28.141    1.266   16.889
bend        147.460    0.652   -0.265   55.581    0.109    0.136   27.749    3.050   16.895
bend        147.616    0.774   -0.569   55.802    0.132    0.166   26.807    4.729   16.900
bend        147.772    0.992   -0.897   55.981    0.160    0.198   25.355    6.236   16.906
bendout     147.927    1.315   -1.262   56.118    0.192    0.232   23.449    7.510   16.913
bendedge    148.083    1.756   -1.589   56.221    0.230    0.256   21.168    7.441   16.920
quad3       148.995    6.321   -3.420   56.498    0.464    0.256    9.816    5.014   16.983
quadout     149.255    7.238    0.037   56.536    0.497    0.000    8.568    0.031   17.012
quad3       149.786    7.238   -0.059   56.609    0.497    0.002    8.568   -0.005   17.074
quadout     150.046    6.321    3.420   56.647    0.464   -0.256    9.816   -5.014   17.103
bendedge    150.957    1.756    1.589   56.924    0.230   -0.256   21.168   -7.441   17.166
bendin      150.957    1.756    1.589   56.924    0.230   -0.256   21.168   -7.441   17.166
bend        151.113    1.315    1.176   57.026    0.192   -0.219   23.449   -5.991   17.173
bend        151.269    0.992    0.833   57.163    0.160   -0.188   25.355   -4.593   17.180
bend        151.425    0.774    0.519   57.342    0.132   -0.158   26.807   -2.992   17.186
bend        151.581    0.652    0.223   57.563    0.109   -0.129   27.749   -1.252   17.192
bend        151.736    0.621   -0.066   57.811    0.091   -0.102   28.141    0.557   17.197
bend        151.892    0.681   -0.361   58.053    0.077   -0.075   27.969    2.362   17.203
bend        152.048    0.833   -0.671   58.261    0.067   -0.049   27.239    4.090   17.208
bend        152.204    1.084   -1.009   58.426    0.061   -0.024   25.980    5.672   17.214
bend        152.360    1.443   -1.388   58.551    0.059    0.002   24.243    7.044   17.220
bend        152.516    1.924   -1.823   58.645    0.061    0.027   22.098    8.150   17.227
bendout     152.671    2.546   -2.331   58.715    0.066    0.053   19.632    8.947   17.235
bendedge    152.827    3.332   -2.763   58.769    0.076    0.076   16.944    8.553   17.243
quad2       153.139    5.309   -3.589   58.843    0.100    0.076   12.033    7.225   17.265
quadout     153.319    6.346   -2.068   58.874    0.111    0.043   10.163    3.358   17.281
quad1       153.853    8.793   -2.540   58.945    0.134    0.044    6.921    2.734   17.345
quadout     154.033    9.202    0.311   58.965    0.138   -0.000    6.345    0.523   17.373
testpoint1  154.890    8.757    0.209   59.061    0.138   -0.000    5.596    0.351   17.517
testpoint2  155.140    8.660    0.179   59.089    0.138   -0.000    5.433    0.301   17.562
cellend     156.640    8.392    0.000   59.266    0.138   -0.000    4.981   -0.000   17.855
quadin      159.247    9.202   -0.311   59.567    0.138   -0.000    6.345   -0.523   18.337
quad1       159.247    9.202   -0.311   59.567    0.138   -0.000    6.345   -0.523   18.337
quadout     159.427    8.793    2.513   59.587    0.134   -0.043    6.921   -2.713   18.364
quadin      159.961    6.346    2.068   59.659    0.111   -0.043   10.163   -3.358   18.428
quad2       159.961    6.346    2.068   59.659    0.111   -0.043   10.163   -3.358   18.428
quadout     160.141    5.309    3.572   59.689    0.100   -0.076   12.033   -7.188   18.444
bendedge    160.453    3.332    2.763   59.764    0.076   -0.076   16.944   -8.553   18.466
bendin      160.453    3.332    2.763   59.764    0.076   -0.076   16.944   -8.553   18.466
bend        160.609    2.546    2.166   59.817    0.066   -0.049   19.632   -7.675   18.475
bend        160.765    1.924    1.699   59.888    0.061   -0.023   22.098   -6.718   18.482
bend        160.921    1.443    1.295   59.981    0.059    0.002   24.243   -5.473   18.489
bend        161.077    1.084    0.939   60.106    0.061    0.028   25.980   -3.989   18.495
bend        161.232    0.833    0.617   60.271    0.067    0.054   27.239   -2.325   18.501
bend        161.388    0.681    0.316   60.480    0.077    0.080   27.969   -0.550   18.507
bend        161.544    0.621    0.026   60.722    0.091    0.108   28.141    1.266   18.512
bend        161.700    0.652   -0.265   60.969    0.109    0.136   27.749    3.050   18.518
bend        161.856    0.774   -0.569   61.190    0.132    0.166   26.807    4.729   18.524
bend        162.012    0.992   -0.897   61.369    0.160    0.198   25.355    6.236   18.530
bendout     162.167    1.315   -1.262   61.506    0.192    0.232   23.449    7.510   18.536
bendedge    162.323    1.756   -1.589   61.609    0.230    0.256   21.168    7.441   18.543
quad3       163.235    6.321   -3.420   61.886    0.464    0.256    9.816    5.014   18.606
quadout     163.495    7.238    0.037   61.923    0.497    0.000    8.568    0.031   18.635
quad3       164.026    7.238   -0.059   61.997    0.497    0.002    8.568   -0.005   18.697
quadout     164.286    6.321    3.420   62.034    0.464   -0.256    9.816   -5.014   18.726
bendedge    165.197    1.756    1.589   62.312    0.230   -0.256   21.168   -7.441   18.790
bendin      165.197    1.756    1.589   62.312    0.230   -0.256   21.168   -7.441   18.790
bend        165.353    1.315    1.176   62.414    0.192   -0.219   23.449   -5.991   18.797
bend        165.509    0.992    0.833   62.551    0.160   -0.188   25.355   -4.593   18.803
bend        165.665    0.774    0.519   62.730    0.132   -0.158   26.807   -2.992   18.809
bend        165.821    0.652    0.223   62.951    0.109   -0.129   27.749   -1.252   18.815
bend        165.976    0.621   -0.066   63.199    0.091   -0.102   28.141    0.557   18.820
bend        166.132    0.681   -0.361   63.441    0.077   -0.075   27.969    2.362   18.826
bend        166.288    0.833   -0.671   63.649    0.067   -0.049   27.239    4.090   18.831
bend        166.444    1.084   -1.009   63.814    0.061   -0.024   25.980    5.672   18.837
bend        166.600    1.443   -1.388   63.939    0.059    0.002   24.243    7.044   18.844
bend        166.756    1.924   -1.823   64.032    0.061    0.027   22.098    8.150   18.850
bendout     166.912    2.546   -2.331   64.103    0.066    0.053   19.632    8.947   18.858
bendedge    167.067    3.332   -2.763   64.156    0.076    0.076   16.944    8.553   18.866
quad2       167.379    5.309   -3.589   64.231    0.100    0.076   12.033    7.225   18.888
quadout     167.559    6.346   -2.068   64.261    0.111    0.043   10.163    3.358   18.905
quad1       168.093    8.793   -2.540   64.333    0.134    0.044    6.921    2.734   18.968
quadout     168.273    9.202    0.311   64.353    0.138    0.000    6.345    0.523   18.996
testpoint1  169.130    8.757    0.209   64.448    0.138    0.000    5.596    0.351   19.140
testpoint2  169.380    8.660    0.179   64.477    0.138    0.000    5.433    0.301   19.185
cellend     170.880    8.392   -0.000   64.654    0.138    0.000    4.981    0.000   19.478
#-------------------------------------------------------------------------------------------
#  name       suml     betax    alphax   psix     etax     etaxp    betay    alphay   psiy    
#-------------------------------------------------------------------------------------------
