

  1   0                 0             1e-06                 0                 0                 0                 0                 0                 0                 0                     1 mbegin
  1   1                 0      -9.71696e-07      -6.58836e-09                 0                 0      -4.45494e-07                 0       7.86524e-09      -1.78366e-39                     1 mbegin
  1   2                 0       8.88289e-07       1.28034e-08                 0                 0       8.66163e-07      -7.21516e-13      -1.75992e-08       1.05733e-35                     1 mbegin
  1   3                 0      -7.54602e-07      -1.82931e-08                 0                 0      -1.23693e-06       6.80957e-13       2.40292e-08       -3.0115e-36                     1 mbegin
  1   4                 0       5.78113e-07       2.27463e-08                 0                 0       1.53885e-06      -1.32199e-12      -3.13971e-08       1.36533e-35                     1 mbegin
  1   5                 0      -3.68918e-07      -2.59108e-08                 0                 0      -1.75194e-06       1.16989e-12       3.46942e-08      -1.20909e-35                     1 mbegin
  1   6                 0       1.38773e-07       2.76073e-08                 0                 0       1.86783e-06      -1.66706e-12      -3.83102e-08       7.24187e-36                     1 mbegin
  1   7                 0       9.91864e-08      -2.77395e-08                 0                 0      -1.87541e-06       1.35748e-12       3.74784e-08      -2.39159e-35                     1 mbegin
  1   8                 0      -3.31574e-07       2.63002e-08                 0                 0       1.77963e-06      -1.67942e-12      -3.67931e-08      -4.49582e-36                     1 mbegin
  1   9                 0       5.45128e-07      -2.33707e-08                 0                 0      -1.57973e-06       1.20253e-12       3.17606e-08      -3.10986e-35                     1 mbegin
  1  10                 0      -7.27844e-07       1.91171e-08                 0                 0       1.29401e-06      -1.35558e-12      -2.71839e-08      -1.41957e-35                     1 mbegin
  1  11                 0       8.69275e-07      -1.37804e-08                 0                 0       -9.3089e-07       7.39895e-13       1.88189e-08      -2.91021e-35                     1 mbegin
  1  12                 0      -9.61502e-07       7.66288e-09                 0                 0       5.19507e-07      -7.67463e-13      -1.16287e-08      -1.80039e-35                     1 mbegin
  1  13                 0       9.99206e-07      -1.11123e-09                 0                 0      -7.38259e-08        7.3831e-14       1.54566e-09      -1.92989e-35                     1 mbegin
  1  14                 0      -9.80343e-07      -5.50338e-09                 0                 0       -3.7079e-07      -4.56295e-14        6.3979e-09      -1.85186e-35                     1 mbegin
  1  15                 0       9.05892e-07       1.18062e-08                 0                 0       8.00025e-07      -6.46101e-13      -1.61992e-08      -8.91456e-36                     1 mbegin
  1  16                 0      -7.80159e-07      -1.74401e-08                 0                 0      -1.17793e-06        6.4927e-13       2.28692e-08      -2.17302e-35                     1 mbegin
  1  17                 0       6.10181e-07       2.20858e-08                 0                 0       1.49547e-06       -1.2583e-12      -3.04503e-08      -5.70046e-36                     1 mbegin
  1  18                 0      -4.05674e-07      -2.54803e-08                 0                 0      -1.72154e-06       1.16324e-12       3.41059e-08      -3.11313e-35                     1 mbegin
  1  19                 0       1.78141e-07       2.74311e-08                 0                 0       1.85717e-06       -1.6246e-12       -3.8023e-08      -1.22347e-35                     1 mbegin
  1  20                 0       5.94439e-08      -2.78277e-08                 0                 0      -1.88013e-06       1.38283e-12       3.75983e-08      -4.39656e-35                     1 mbegin
  1  21                 0      -2.93701e-07       2.66477e-08                 0                 0       1.80436e-06      -1.66167e-12      -3.72246e-08      -2.47753e-35                     1 mbegin
  1  22                 0       5.11279e-07      -2.39579e-08                 0                 0      -1.61823e-06        1.2602e-12       3.25668e-08      -5.28139e-35                     1 mbegin
  1  23                 0      -6.99927e-07       1.99107e-08                 0                 0       1.34887e-06      -1.36033e-12      -2.82329e-08      -3.60091e-35                     1 mbegin
  1  24                 0       8.48882e-07      -1.47354e-08                 0                 0      -9.94313e-07       8.23866e-13       2.01361e-08      -5.27744e-35                     1 mbegin
  1  25                 0      -9.49777e-07       8.72521e-09                 0                 0       5.92505e-07      -7.86158e-13      -1.30562e-08       -4.1564e-35                     1 mbegin
  1  26                 0       9.96826e-07      -2.22069e-09                 0                 0      -1.47738e-07       1.73329e-13       3.08425e-09      -4.46441e-35                     1 mbegin
  1  27                 0      -9.87431e-07      -4.40964e-09                 0                 0      -2.95714e-07      -6.59093e-14       4.91552e-09      -4.35342e-35                     1 mbegin
  1  28                 0       9.22057e-07       1.07901e-08                 0                 0       7.32383e-07      -5.44702e-13      -1.47785e-08      -3.53261e-35                     1 mbegin
  1  29                 0      -8.04474e-07      -1.65593e-08                 0                 0      -1.11731e-06       6.41348e-13       2.16675e-08       -4.7855e-35                     1 mbegin
  1  30                 0       6.41281e-07       2.13902e-08                 0                 0       1.44945e-06      -1.16799e-12      -2.94607e-08      -3.28041e-35                     1 mbegin
  1  31                 0      -4.41784e-07      -2.50093e-08                 0                 0      -1.68869e-06       1.17908e-12       3.34575e-08       -5.8415e-35                     1 mbegin
  1  32                 0       2.17228e-07       2.72113e-08                 0                 0       1.84328e-06      -1.55552e-12      -3.76814e-08      -4.02468e-35                     1 mbegin
  1  33                 0       1.96084e-08      -2.78717e-08                 0                 0      -1.88217e-06       1.42941e-12        3.7652e-08      -7.30086e-35                     1 mbegin
  1  34                 0       -2.5536e-07       2.69529e-08                 0                 0       1.82591e-06      -1.61858e-12      -3.76036e-08      -5.43323e-35                     1 mbegin
  1  35                 0       4.76618e-07       -2.4507e-08                 0                 0      -1.65449e-06       1.33815e-12       3.33143e-08      -8.42477e-35                     1 mbegin
  1  36                 0      -6.70896e-07       2.06726e-08                 0                 0       1.40125e-06        -1.341e-12      -2.92442e-08      -6.78418e-35                     1 mbegin
  1  37                 0       8.27141e-07       -1.5667e-08                 0                 0      -1.05651e-06       9.28116e-13        2.1414e-08      -8.68984e-35                     1 mbegin
  1  38                 0      -9.36542e-07       9.77367e-09                 0                 0       6.64196e-07      -7.82672e-13      -1.44704e-08      -7.58886e-35                     1 mbegin
  1  39                 0       9.92862e-07      -3.32662e-09                 0                 0      -2.21793e-07       2.92789e-13        4.6102e-09      -8.11545e-35                     1 mbegin
  1  40                 0      -9.92947e-07       -3.3089e-09                 0                 0      -2.20557e-07       -6.6543e-14       3.41738e-09      -8.00494e-35                     1 mbegin
  1  41                 0       9.36757e-07       9.75696e-09                 0                 0       6.63178e-07      -4.23657e-13      -1.33425e-08      -7.35728e-35                     1 mbegin
  1  42                 0      -8.27509e-07      -1.56522e-08                 0                 0      -1.05532e-06        6.5022e-13        2.0423e-08      -8.61365e-35                     1 mbegin
  1  43                 0       6.71362e-07       2.06606e-08                 0                 0        1.4007e-06      -1.05867e-12      -2.84327e-08      -7.23429e-35                     1 mbegin
  1  44                 0       -4.7719e-07      -2.44985e-08                 0                 0      -1.65358e-06        1.2095e-12       3.27472e-08      -9.84276e-35                     1 mbegin
  1  45                 0        2.5597e-07       2.69483e-08                 0                 0       1.82601e-06      -1.46838e-12      -3.72888e-08      -8.12079e-35                     1 mbegin
  1  46                 0      -2.02572e-08      -2.78713e-08                 0                 0      -1.88166e-06       1.48866e-12       3.76369e-08      -1.15249e-34                     1 mbegin
  1  47                 0      -2.16611e-07       2.72152e-08                 0                 0        1.8441e-06      -1.55837e-12       -3.7932e-08      -9.72624e-35                     1 mbegin
  1  48                 0       4.41201e-07      -2.50171e-08                 0                 0      -1.68859e-06       1.42782e-12       3.39997e-08      -1.29347e-34                     1 mbegin
  1  49                 0      -6.40798e-07       2.14017e-08                 0                 0       1.45093e-06      -1.30646e-12      -3.02184e-08       -1.1349e-34                     1 mbegin
  1  50                 0       8.04085e-07      -1.65736e-08                 0                 0       -1.1175e-06       1.04314e-12       2.26483e-08      -1.35113e-34                     1 mbegin
  1  51                 0      -9.21817e-07       1.08066e-08                 0                 0       7.34347e-07      -7.66512e-13      -1.58713e-08      -1.24475e-34                     1 mbegin
  1  52                 0       9.87321e-07      -4.42726e-09                 0                 0      -2.95985e-07       4.22707e-13       6.11903e-09      -1.32173e-34                     1 mbegin
  1  53                 0      -9.96885e-07       -2.2029e-09                 0                 0      -1.45545e-07        -5.672e-14       1.90392e-09      -1.31244e-34                     1 mbegin
  1  54                 0        9.4997e-07       8.70826e-09                 0                 0       5.92418e-07      -2.92472e-13      -1.18952e-08      -1.26711e-34                     1 mbegin
  1  55                 0      -8.49228e-07      -1.47202e-08                 0                 0      -9.92161e-07       6.66698e-13       1.91359e-08      -1.39445e-34                     1 mbegin
  1  56                 0       7.00376e-07       1.98982e-08                 0                 0       1.34922e-06      -9.39841e-13      -2.73697e-08      -1.27049e-34                     1 mbegin
  1  57                 0      -5.11837e-07      -2.39488e-08                 0                 0      -1.61635e-06       1.24499e-12       3.19746e-08      -1.53708e-34                     1 mbegin
  1  58                 0       2.94305e-07       2.66425e-08                 0                 0       1.80533e-06      -1.37237e-12      -3.68473e-08      -1.37519e-34                     1 mbegin
  1  59                 0      -6.00903e-08      -2.78267e-08                 0                 0      -1.87868e-06       1.55109e-12       3.75515e-08      -1.72892e-34                     1 mbegin
  1  60                 0      -1.77519e-07       2.74343e-08                 0                 0       1.85884e-06       -1.4912e-12      -3.82105e-08        -1.557e-34                     1 mbegin
  1  61                 0       4.05082e-07      -2.54875e-08                 0                 0      -1.72052e-06       1.51876e-12       3.46205e-08       -1.8997e-34                     1 mbegin
  1  62                 0      -6.09681e-07       2.20967e-08                 0                 0       1.49777e-06      -1.26749e-12       -3.1155e-08      -1.74714e-34                     1 mbegin
  1  63                 0       7.79752e-07       -1.7454e-08                 0                 0      -1.17725e-06       1.15785e-12       2.38361e-08      -1.98922e-34                     1 mbegin
  1  64                 0      -9.05627e-07       1.18223e-08                 0                 0       8.02801e-07       -7.4845e-13      -1.72575e-08      -1.88669e-34                     1 mbegin
  1  65                 0        9.8021e-07      -5.52087e-09                 0                 0      -3.70235e-07       5.51673e-13       7.60765e-09      -1.98845e-34                     1 mbegin
  1  66                 0      -9.99238e-07       -1.0934e-09                 0                 0      -7.08295e-08      -4.78476e-14       3.76953e-10      -1.98073e-34                     1 mbegin
  1  67                 0       9.61671e-07       7.64572e-09                 0                 0       5.20188e-07      -1.62555e-13      -1.04395e-08      -1.95516e-34                     1 mbegin
  1  68                 0      -8.69597e-07      -1.37648e-08                 0                 0       -9.2795e-07       6.79689e-13        1.7808e-08      -2.08355e-34                     1 mbegin
  1  69                 0       7.28277e-07       1.91041e-08                 0                 0       1.29507e-06      -8.22915e-13      -2.62736e-08      -1.97365e-34                     1 mbegin
  1  70                 0       -5.4567e-07       -2.3361e-08                 0                 0      -1.57708e-06       1.27414e-12       3.11409e-08      -2.24432e-34                     1 mbegin
  1  71                 0       3.32173e-07       2.62942e-08                 0                 0       1.78126e-06      -1.27984e-12      -3.63574e-08      -2.09249e-34                     1 mbegin
  1  72                 0      -9.98283e-08      -2.77378e-08                 0                 0      -1.87322e-06       1.60464e-12       3.73963e-08       -2.4572e-34                     1 mbegin
  1  73                 0      -1.38144e-07       2.76097e-08                 0                 0       1.87011e-06      -1.42877e-12      -3.84384e-08      -2.29259e-34                     1 mbegin
  1  74                 0       3.68319e-07      -2.59174e-08                 0                 0      -1.75023e-06       1.59957e-12       3.51762e-08      -2.65502e-34                     1 mbegin
  1  75                 0      -5.77595e-07       2.27567e-08                 0                 0       1.54174e-06      -1.23485e-12      -3.20521e-08      -2.50745e-34                     1 mbegin
  1  76                 0       7.54178e-07      -1.83066e-08                 0                 0      -1.23562e-06       1.26178e-12       2.49762e-08      -2.77356e-34                     1 mbegin
  1  77                 0      -8.87998e-07       1.28193e-08                 0                 0        8.6949e-07      -7.39261e-13       -1.8626e-08      -2.67358e-34                     1 mbegin
  1  78                 0       9.71541e-07       -6.6057e-09                 0                 0      -4.44381e-07       6.68599e-13       9.07451e-09      -2.79837e-34                     1 mbegin
  1  79                 0            -1e-06       1.78449e-11                 0                 0       3.52159e-09      -5.10163e-14      -1.16015e-09      -2.79024e-34                     1 mbegin
  1  80                 0       9.71844e-07       6.57103e-09                 0                 0       4.46663e-07      -4.53126e-14      -8.97664e-09        -2.783e-34                     1 mbegin
  1  81                 0      -8.88585e-07      -1.27876e-08                 0                 0      -8.62725e-07       6.78105e-13       1.64425e-08      -2.90952e-34                     1 mbegin
  1  82                 0        7.5502e-07       1.82797e-08                 0                 0        1.2384e-06      -7.18981e-13      -2.51449e-08      -2.81223e-34                     1 mbegin
  1  83                 0      -5.78638e-07       -2.2736e-08                 0                 0      -1.53575e-06        1.2865e-12       3.02487e-08      -3.08347e-34                     1 mbegin
  1  84                 0       3.69511e-07       2.59042e-08                 0                 0       1.75392e-06      -1.20031e-12      -3.58186e-08      -2.93999e-34                     1 mbegin
  1  85                 0      -1.39409e-07      -2.76048e-08                 0                 0      -1.86522e-06       1.63981e-12        3.7173e-08      -3.31147e-34                     1 mbegin
  1  86                 0       -9.8551e-08       2.77413e-08                 0                 0       1.87799e-06      -1.38061e-12      -3.86137e-08      -3.15241e-34                     1 mbegin
  1  87                 0       3.30969e-07      -2.63061e-08                 0                 0      -1.77756e-06       1.66041e-12       3.56678e-08       -3.5298e-34                     1 mbegin
  1  88                 0      -5.44593e-07       2.33804e-08                 0                 0       1.58286e-06      -1.21805e-12      -3.29064e-08      -3.38534e-34                     1 mbegin
  1  89                 0       7.27404e-07      -1.91301e-08                 0                 0      -1.29241e-06       1.34512e-12       2.60686e-08      -3.67118e-34                     1 mbegin
  1  90                 0      -8.68959e-07       1.37959e-08                 0                 0       9.34421e-07      -7.47817e-13      -1.99726e-08      -3.57134e-34                     1 mbegin
  1  91                 0       9.61325e-07      -7.68003e-09                 0                 0      -5.18184e-07       7.65245e-13       1.05194e-08      -3.71594e-34                     1 mbegin
  1  92                 0       -9.9918e-07       1.12906e-09                 0                 0       7.75138e-08       -7.3831e-14      -2.70273e-09      -3.70432e-34                     1 mbegin
  1  93                 0        9.8047e-07       5.48589e-09                 0                 0       3.72086e-07         5.165e-14      -7.50659e-09      -3.71266e-34                     1 mbegin
  1  94                 0      -9.06162e-07        -1.179e-08                 0                 0      -7.96458e-07       6.54023e-13        1.5044e-08      -3.83324e-34                     1 mbegin
  1  95                 0        7.8056e-07       1.74261e-08                 0                 0       1.17946e-06      -6.35644e-13      -2.39828e-08      -3.74615e-34                     1 mbegin
  1  96                 0      -6.10687e-07       -2.2075e-08                 0                 0      -1.49228e-06       1.27414e-12       2.93019e-08      -4.01246e-34                     1 mbegin
  1  97                 0       4.06261e-07       2.54731e-08                 0                 0        1.7235e-06      -1.14232e-12       -3.5229e-08      -3.87493e-34                     1 mbegin
  1  98                 0      -1.78769e-07      -2.74279e-08                 0                 0      -1.85453e-06       1.64868e-12       3.68846e-08       -4.2469e-34                     1 mbegin
  1  99                 0       -5.8803e-08       2.78288e-08                 0                 0       1.88262e-06      -1.35463e-12      -3.87333e-08      -4.09072e-34                     1 mbegin
  1 100                 0       2.93092e-07      -2.66529e-08                 0                 0      -1.80232e-06       1.69399e-12       3.60972e-08      -4.47702e-34                     1 mbegin
  1 101                 0      -5.10726e-07        2.3967e-08                 0                 0       1.62122e-06      -1.22471e-12      -3.37135e-08      -4.33256e-34                     1 mbegin
  1 102                 0       6.99473e-07      -1.99232e-08                 0                 0      -1.34736e-06       1.40057e-12       2.71147e-08      -4.63252e-34                     1 mbegin
  1 103                 0       -8.4854e-07       1.47505e-08                 0                 0       9.97662e-07      -7.81405e-13      -2.12921e-08      -4.52946e-34                     1 mbegin
  1 104                 0        9.4958e-07      -8.74215e-09                 0                 0      -5.91353e-07       8.34006e-13       1.19433e-08      -4.68884e-34                     1 mbegin
  1 105                 0      -9.96771e-07       2.23847e-09                 0                 0        1.5121e-07       -1.2358e-13      -4.24508e-09      -4.66969e-34                     1 mbegin
  1 106                 0       9.87535e-07       4.39203e-09                 0                 0        2.9676e-07       1.21362e-13       -6.0284e-09       -4.6896e-34                     1 mbegin
  1 107                 0        -9.223e-07      -1.07737e-08                 0                 0      -7.29068e-07       6.02056e-13       1.36181e-08      -4.79925e-34                     1 mbegin
  1 108                 0       8.04858e-07       1.65449e-08                 0                 0       1.11851e-06      -5.78607e-13      -2.27859e-08      -4.71892e-34                     1 mbegin
  1 109                 0      -6.41767e-07      -2.13788e-08                 0                 0      -1.44654e-06       1.23263e-12       2.83057e-08      -4.97439e-34                     1 mbegin
  1 110                 0       4.42362e-07       2.50014e-08                 0                 0       1.69025e-06         -1.11e-12      -3.45861e-08      -4.83964e-34                     1 mbegin
  1 111                 0      -2.17847e-07      -2.72075e-08                 0                 0      -1.84097e-06       1.62713e-12       3.65353e-08       -5.2052e-34                     1 mbegin
  1 112                 0      -1.89634e-08        2.7872e-08                 0                 0        1.8842e-06      -1.35399e-12      -3.87934e-08      -5.04894e-34                     1 mbegin
  1 113                 0       2.54746e-07      -2.69574e-08                 0                 0      -1.82426e-06       1.69716e-12       3.64674e-08      -5.43705e-34                     1 mbegin
  1 114                 0       -4.7605e-07       2.45155e-08                 0                 0       1.65698e-06      -1.25703e-12      -3.44686e-08      -5.28967e-34                     1 mbegin
  1 115                 0       6.70427e-07      -2.06846e-08                 0                 0      -1.40019e-06       1.42624e-12       2.81165e-08      -5.59733e-34                     1 mbegin
  1 116                 0      -8.26775e-07       1.56817e-08                 0                 0       1.05932e-06      -8.41294e-13      -2.25787e-08      -5.48776e-34                     1 mbegin
  1 117                 0       9.36324e-07      -9.79037e-09                 0                 0      -6.63566e-07       8.74248e-13       1.33475e-08      -5.65671e-34                     1 mbegin
  1 118                 0      -9.92779e-07       3.34433e-09                 0                 0       2.24696e-07      -2.00263e-13      -5.78105e-09       -5.6261e-34                     1 mbegin
  1 119                 0       9.93029e-07       3.29119e-09                 0                 0       2.21009e-07       1.63506e-13      -4.54071e-09       -5.6533e-34                     1 mbegin
  1 120                 0      -9.36975e-07      -9.74024e-09                 0                 0      -6.60455e-07       5.21254e-13       1.21708e-08      -5.74707e-34                     1 mbegin
  1 121                 0       8.27875e-07       1.56374e-08                 0                 0       1.05586e-06      -5.48188e-13      -2.15522e-08      -5.66993e-34                     1 mbegin
  1 122                 0      -6.71829e-07      -2.06487e-08                 0                 0      -1.39842e-06       1.16165e-12       2.72652e-08      -5.90842e-34                     1 mbegin
  1 123                 0       4.77759e-07         2.449e-08                 0                 0       1.65442e-06      -1.10303e-12      -3.38871e-08      -5.77345e-34                     1 mbegin
  1 124                 0      -2.56581e-07      -2.69437e-08                 0                 0      -1.82435e-06       1.57612e-12       3.61292e-08      -6.12581e-34                     1 mbegin
  1 125                 0       2.09045e-08       2.78709e-08                 0                 0       1.88292e-06      -1.37807e-12      -3.87902e-08       -5.9668e-34                     1 mbegin
  1 126                 0       2.15994e-07      -2.72191e-08                 0                 0      -1.84314e-06       1.67118e-12       3.67816e-08      -6.34992e-34                     1 mbegin
  1 127                 0      -4.40618e-07        2.5025e-08                 0                 0       1.69028e-06      -1.31343e-12      -3.51666e-08      -6.19653e-34                     1 mbegin
  1 128                 0       6.40314e-07      -2.14131e-08                 0                 0      -1.45061e-06        1.4237e-12        2.9076e-08      -6.50587e-34                     1 mbegin
  1 129                 0      -8.03696e-07        1.6588e-08                 0                 0       1.11949e-06      -9.25265e-13      -2.38267e-08       -6.3867e-34                     1 mbegin
  1 130                 0       9.21577e-07       -1.0823e-08                 0                 0      -7.34508e-07       8.87557e-13       1.47334e-08      -6.56014e-34                     1 mbegin
  1 131                 0      -9.87211e-07       4.44488e-09                 0                 0       2.98056e-07      -3.01978e-13       -7.3046e-09      -6.51464e-34                     1 mbegin
  1 132                 0       9.96943e-07       2.18512e-09                 0                 0       1.45151e-07       1.80617e-13      -3.04232e-09      -6.54507e-34                     1 mbegin
  1 133                 0      -9.50161e-07      -8.69131e-09                 0                 0      -5.90534e-07       4.15735e-13       1.07078e-08      -6.61888e-34                     1 mbegin
  1 134                 0       8.49574e-07       1.47051e-08                 0                 0       9.91802e-07      -5.40583e-13      -2.02803e-08      -6.54175e-34                     1 mbegin
  1 135                 0      -7.00824e-07      -1.98857e-08                 0                 0      -1.34778e-06       1.06564e-12       2.61856e-08      -6.75852e-34                     1 mbegin
  1 136                 0       5.12395e-07       2.39396e-08                 0                 0       1.61626e-06      -1.11697e-12      -3.31298e-08      -6.62051e-34                     1 mbegin
  1 137                 0      -2.94908e-07      -2.66372e-08                 0                 0      -1.80453e-06       1.50039e-12       3.56703e-08       -6.9543e-34                     1 mbegin
  1 138                 0       6.07377e-08       2.78256e-08                 0                 0       1.87897e-06       -1.4218e-12      -3.87204e-08      -6.79006e-34                     1 mbegin
  1 139                 0       1.76898e-07      -2.74374e-08                 0                 0      -1.85875e-06        1.6208e-12       3.70424e-08      -7.16197e-34                     1 mbegin
  1 140                 0      -4.04488e-07       2.54948e-08                 0                 0       1.72123e-06      -1.38916e-12      -3.58035e-08      -7.00041e-34                     1 mbegin
  1 141                 0       6.09182e-07      -2.21076e-08                 0                 0      -1.49836e-06       1.39804e-12       2.99949e-08      -7.30613e-34                     1 mbegin
  1 142                 0      -7.79342e-07       1.74679e-08                 0                 0       1.17826e-06      -1.02825e-12      -2.50311e-08      -7.17519e-34                     1 mbegin
  1 143                 0       9.05365e-07      -1.18385e-08                 0                 0      -8.03899e-07       8.79635e-13        1.6102e-08       -7.3489e-34                     1 mbegin
  1 144                 0      -9.80074e-07       5.53835e-09                 0                 0       3.71337e-07      -4.22073e-13      -8.81036e-09      -7.28617e-34                     1 mbegin
  1 145                 0       9.99271e-07       1.07557e-09                 0                 0       6.94679e-08       1.79349e-13      -1.53272e-09      -7.31682e-34                     1 mbegin
  1 146                 0      -9.61838e-07      -7.62856e-09                 0                 0      -5.19259e-07       2.91839e-13       9.23437e-09      -7.36797e-34                     1 mbegin
  1 147                 0       8.69922e-07       1.37493e-08                 0                 0       9.26594e-07      -5.49138e-13      -1.89695e-08      -7.28855e-34                     1 mbegin
  1 148                 0      -7.28707e-07      -1.90911e-08                 0                 0      -1.29457e-06       9.51248e-13       2.50713e-08      -7.48015e-34                     1 mbegin
  1 149                 0       5.46215e-07       2.33512e-08                 0                 0       1.57597e-06      -1.14517e-12      -3.23128e-08      -7.33732e-34                     1 mbegin
  1 150                 0      -3.32768e-07      -2.62883e-08                 0                 0      -1.78138e-06       1.40691e-12        3.5162e-08      -7.64855e-34                     1 mbegin
  1 151                 0       1.00473e-07        2.7736e-08                 0                 0        1.8725e-06      -1.47789e-12      -3.85817e-08      -7.47766e-34                     1 mbegin
  1 152                 0       1.37519e-07      -2.76122e-08                 0                 0      -1.87095e-06       1.55425e-12       3.72519e-08      -7.83442e-34                     1 mbegin
  1 153                 0      -3.67716e-07        2.5924e-08                 0                 0       1.74993e-06      -1.47535e-12      -3.63757e-08      -7.66331e-34                     1 mbegin
  1 154                 0       5.77081e-07       -2.2767e-08                 0                 0      -1.54325e-06       1.35843e-12       3.08738e-08      -7.96229e-34                     1 mbegin
  1 155                 0       -7.5375e-07         1.832e-08                 0                 0       1.23564e-06      -1.14074e-12      -2.61877e-08      -7.81855e-34                     1 mbegin
  1 156                 0       8.87712e-07      -1.28351e-08                 0                 0      -8.71518e-07       8.60306e-13       1.74529e-08      -7.99023e-34                     1 mbegin
  1 157                 0      -9.71381e-07       6.62303e-09                 0                 0       4.44528e-07      -5.51039e-13       -1.0294e-08      -7.90948e-34                     1 mbegin
  1 158                 0       1.00001e-06      -3.56787e-11                 0                 0       -5.8204e-09       1.68892e-13      -1.24927e-11      -7.93873e-34                     1 mbegin
  1 159                 0      -9.71987e-07      -6.55369e-09                 0                 0      -4.46649e-07       1.59386e-13       7.75453e-09      -7.96631e-34                     1 mbegin
  1 160                 0       8.88886e-07       1.27717e-08                 0                 0       8.60429e-07      -5.64031e-13      -1.76201e-08      -7.88362e-34                     1 mbegin
  1 161                 0      -7.55432e-07      -1.82662e-08                 0                 0      -1.23878e-06       8.29253e-13       2.39256e-08      -8.04901e-34                     1 mbegin
  1 162                 0       5.79167e-07       2.27257e-08                 0                 0        1.5337e-06      -1.17686e-12      -3.14359e-08       -7.9006e-34                     1 mbegin
  1 163                 0      -3.70099e-07      -2.58976e-08                 0                 0      -1.75488e-06       1.30678e-12       3.46063e-08      -8.18808e-34                     1 mbegin
  1 164                 0       1.40049e-07       2.76023e-08                 0                 0       1.86358e-06      -1.53493e-12      -3.83731e-08      -8.01004e-34                     1 mbegin
  1 165                 0       9.79211e-08      -2.77431e-08                 0                 0      -1.87964e-06       1.48296e-12       3.74107e-08       -8.3505e-34                     1 mbegin
  1 166                 0      -3.30359e-07        2.6312e-08                 0                 0       1.77637e-06      -1.56091e-12      -3.68816e-08      -8.17002e-34                     1 mbegin
  1 167                 0       5.44062e-07      -2.33901e-08                 0                 0      -1.58516e-06       1.31565e-12       3.17123e-08      -8.46116e-34                     1 mbegin
  1 168                 0      -7.26959e-07        1.9143e-08                 0                 0       1.29158e-06      -1.25133e-12      -2.72942e-08      -8.30519e-34                     1 mbegin
  1 169                 0       8.68648e-07      -1.38114e-08                 0                 0      -9.37223e-07       8.40343e-13       1.87847e-08      -8.47455e-34                     1 mbegin
  1 170                 0      -9.61143e-07       7.69717e-09                 0                 0       5.17538e-07      -6.77471e-13      -1.17527e-08      -8.37664e-34                     1 mbegin
  1 171                 0        9.9916e-07      -1.14687e-09                 0                 0      -8.05743e-08       1.60654e-13        1.5163e-09      -8.40483e-34                     1 mbegin
  1 172                 0       -9.8059e-07       -5.4684e-09                 0                 0      -3.72806e-07       3.01028e-14       6.27088e-09      -8.40997e-34                     1 mbegin
  1 173                 0       9.06438e-07       1.17738e-08                 0                 0       7.93416e-07      -5.73537e-13      -1.62343e-08      -8.32468e-34                     1 mbegin
  1 174                 0      -7.80955e-07      -1.74122e-08                 0                 0      -1.18051e-06       7.11376e-13       2.27502e-08      -8.46506e-34                     1 mbegin
  1 175                 0       6.11198e-07       2.20641e-08                 0                 0        1.4895e-06      -1.20031e-12      -3.05008e-08      -8.31209e-34                     1 mbegin
  1 176                 0      -4.06841e-07      -2.54658e-08                 0                 0      -1.72508e-06       1.21172e-12       3.40039e-08      -8.57694e-34                     1 mbegin
  1 177                 0       1.79403e-07       2.74247e-08                 0                 0        1.8522e-06      -1.58182e-12      -3.80954e-08      -8.39293e-34                     1 mbegin
  1 178                 0       5.81684e-08      -2.78298e-08                 0                 0      -1.88484e-06       1.41737e-12       3.75182e-08      -8.71814e-34                     1 mbegin
  1 179                 0      -2.92476e-07       2.66582e-08                 0                 0       1.80049e-06      -1.63474e-12      -3.73208e-08      -8.52934e-34                     1 mbegin
  1 180                 0        5.1018e-07      -2.39761e-08                 0                 0      -1.62406e-06       1.28079e-12       3.25083e-08      -8.81441e-34                     1 mbegin
  1 181                 0      -6.99012e-07       1.99356e-08                 0                 0       1.34596e-06      -1.34924e-12      -2.83494e-08       -8.6478e-34                     1 mbegin
  1 182                 0       8.48205e-07      -1.47656e-08                 0                 0      -1.00096e-06       8.30203e-13       2.00942e-08      -8.81678e-34                     1 mbegin
  1 183                 0      -9.49377e-07       8.75908e-09                 0                 0       5.90196e-07      -7.90594e-13      -1.31852e-08      -8.70413e-34                     1 mbegin
  1 184                 0       9.96722e-07      -2.25625e-09                 0                 0      -1.54738e-07        1.6509e-13        3.0501e-09      -8.73346e-34                     1 mbegin
  1 185                 0      -9.87634e-07      -4.37441e-09                 0                 0      -2.97915e-07      -8.55553e-14       4.78453e-09      -8.71907e-34                     1 mbegin
  1 186                 0        9.2255e-07       1.07572e-08                 0                 0       7.25589e-07      -5.68151e-13      -1.48155e-08      -8.63341e-34                     1 mbegin
  1 187                 0      -8.05236e-07      -1.65306e-08                 0                 0      -1.11992e-06       6.06809e-13       2.15457e-08      -8.75192e-34                     1 mbegin
  1 188                 0       6.42259e-07       2.13673e-08                 0                 0       1.44337e-06      -1.20665e-12      -2.95103e-08      -8.59638e-34                     1 mbegin
  1 189                 0      -4.42935e-07      -2.49935e-08                 0                 0      -1.69212e-06        1.1306e-12       3.33541e-08       -8.8419e-34                     1 mbegin
  1 190                 0       2.18473e-07       2.72036e-08                 0                 0       1.83828e-06      -1.60971e-12      -3.77506e-08      -8.65384e-34                     1 mbegin
  1 191                 0       1.83244e-08      -2.78724e-08                 0                 0      -1.88665e-06       1.36698e-12       3.75723e-08      -8.96712e-34                     1 mbegin
  1 192                 0      -2.54127e-07        2.6962e-08                 0                 0       1.82213e-06      -1.68829e-12      -3.76945e-08      -8.77229e-34                     1 mbegin
  1 193                 0       4.75487e-07       -2.4524e-08                 0                 0      -1.65999e-06       1.26242e-12       3.32586e-08      -9.05461e-34                     1 mbegin
  1 194                 0      -6.69952e-07       2.06965e-08                 0                 0       1.39856e-06       -1.4256e-12      -2.93539e-08      -8.88027e-34                     1 mbegin
  1 195                 0       8.26414e-07      -1.56965e-08                 0                 0      -1.06275e-06       8.39076e-13       2.13774e-08      -9.05263e-34                     1 mbegin
  1 196                 0      -9.36099e-07       9.80707e-09                 0                 0       6.62262e-07      -8.81853e-13      -1.45914e-08      -8.92866e-34                     1 mbegin
  1 197                 0       9.92701e-07      -3.36204e-09                 0                 0      -2.28322e-07        1.9044e-13       4.58414e-09      -8.96293e-34                     1 mbegin
  1 198                 0      -9.93106e-07      -3.27347e-09                 0                 0       -2.2223e-07      -1.79349e-13       3.29544e-09      -8.93312e-34                     1 mbegin
  1 199                 0       9.37196e-07       9.72353e-09                 0                 0       6.56916e-07      -5.39315e-13      -1.33685e-08      -8.85063e-34                     1 mbegin
