ZLIB::VTps : size = 6 (dimension = 6  order = 2 )

    0 -2.2472636686526e-17 -3.6283808120375e-19  0.0000000000000e+00  0.0000000000000e+00  6.0375045983415e-18  0.0000000000000e+00   0  0  0  0  0  0
    1 -7.2354599691342e-01  7.2388687146186e-02  0.0000000000000e+00  0.0000000000000e+00 -4.5930667939630e-04  0.0000000000000e+00   1  0  0  0  0  0
    2 -6.5822604212767e+00 -7.2354599691342e-01  0.0000000000000e+00  0.0000000000000e+00  1.0935910289815e-02  0.0000000000000e+00   0  1  0  0  0  0
    3  0.0000000000000e+00  0.0000000000000e+00 -9.9818109204902e-01  8.9757416333429e-03  0.0000000000000e+00  0.0000000000000e+00   0  0  1  0  0  0
    4  0.0000000000000e+00  0.0000000000000e+00 -4.0492558991802e-01 -9.9818109204901e-01  0.0000000000000e+00  0.0000000000000e+00   0  0  0  1  0  0
    5  0.0000000000000e+00  0.0000000000000e+00  0.0000000000000e+00  0.0000000000000e+00  1.0000000000000e+00  0.0000000000000e+00   0  0  0  0  1  0
    6 -1.0935910289816e-02  4.5930667939606e-04  0.0000000000000e+00  0.0000000000000e+00 -5.4233807057977e-01  1.0000000000000e+00   0  0  0  0  0  1
    7 -1.7152821065539e+01 -2.7293122465105e-01  0.0000000000000e+00  0.0000000000000e+00  9.7688314257305e-01  0.0000000000000e+00   2  0  0  0  0  0
    8  1.6801308461590e+02  1.2530585007635e+01  0.0000000000000e+00  0.0000000000000e+00 -3.5343901999360e+00  0.0000000000000e+00   1  1  0  0  0  0
    9  0.0000000000000e+00  0.0000000000000e+00  1.6192648774766e+01 -2.9779431787934e+00 -0.0000000000000e+00  0.0000000000000e+00   1  0  1  0  0  0
   10  0.0000000000000e+00  0.0000000000000e+00  1.3861907831175e+02 -1.8647167749639e+01 -0.0000000000000e+00  0.0000000000000e+00   1  0  0  1  0  0
   11  0.0000000000000e+00  0.0000000000000e+00  0.0000000000000e+00  0.0000000000000e+00 -0.0000000000000e+00  0.0000000000000e+00   1  0  0  0  1  0
   12  1.5119498479046e+01  1.1575757867008e+00  0.0000000000000e+00  0.0000000000000e+00 -3.3030851376887e-01  0.0000000000000e+00   1  0  0  0  0  1
   13 -2.0013585524220e+03  1.7322037317243e+02  0.0000000000000e+00  0.0000000000000e+00  1.2119345951019e+02  0.0000000000000e+00   0  2  0  0  0  0
   14  0.0000000000000e+00  0.0000000000000e+00  9.9720046575406e+01  6.6242764910393e+01 -0.0000000000000e+00  0.0000000000000e+00   0  1  1  0  0  0
   15  0.0000000000000e+00  0.0000000000000e+00 -2.9702456933761e+03 -4.6139039064392e+01 -0.0000000000000e+00  0.0000000000000e+00   0  1  0  1  0  0
   16  0.0000000000000e+00  0.0000000000000e+00  0.0000000000000e+00  0.0000000000000e+00 -0.0000000000000e+00  0.0000000000000e+00   0  1  0  0  1  0
   17 -1.9864346036887e+02  1.5284932870934e+01  0.0000000000000e+00  0.0000000000000e+00  7.5727559068376e+00  0.0000000000000e+00   0  1  0  0  0  1
   18 -3.3549698629966e+01  1.4028491223093e+00  0.0000000000000e+00  0.0000000000000e+00  3.3182194891636e+00  0.0000000000000e+00   0  0  2  0  0  0
   19 -6.1714707024039e+01 -1.7831063500499e+01  0.0000000000000e+00  0.0000000000000e+00  1.4117577769400e-01  0.0000000000000e+00   0  0  1  1  0  0
   20  0.0000000000000e+00  0.0000000000000e+00  0.0000000000000e+00  0.0000000000000e+00 -0.0000000000000e+00  0.0000000000000e+00   0  0  1  0  1  0
   21  0.0000000000000e+00  0.0000000000000e+00  2.7692284141219e+00  6.6234942889422e+00 -0.0000000000000e+00  0.0000000000000e+00   0  0  1  0  0  1
   22 -1.5460752276470e+03  5.3845266147724e+01  0.0000000000000e+00  0.0000000000000e+00  1.4797657869456e+02  0.0000000000000e+00   0  0  0  2  0  0
   23  0.0000000000000e+00  0.0000000000000e+00  0.0000000000000e+00  0.0000000000000e+00 -0.0000000000000e+00  0.0000000000000e+00   0  0  0  1  1  0
   24  0.0000000000000e+00  0.0000000000000e+00 -2.9520600803451e+02  2.5722023457540e+00 -0.0000000000000e+00  0.0000000000000e+00   0  0  0  1  0  1
   25  0.0000000000000e+00  0.0000000000000e+00  0.0000000000000e+00  0.0000000000000e+00 -0.0000000000000e+00  0.0000000000000e+00   0  0  0  0  2  0
   26  0.0000000000000e+00  0.0000000000000e+00  0.0000000000000e+00  0.0000000000000e+00 -0.0000000000000e+00  0.0000000000000e+00   0  0  0  0  1  1
   27 -3.7896533340792e+00  1.6443403600469e-01  0.0000000000000e+00  0.0000000000000e+00 -6.1925552894673e-02  0.0000000000000e+00   0  0  0  0  0  2
